
p0 649261489906.0957 5719131747.0400
p1 90248270982.2500 0.0000 149068460456.1355 97782292220.0057 11934362187361.9380 6274444429242.8010 1809671255440.6875 0.0000 0.0000 68359146958.9388 0.0000 0.0000 114025756329.0000 0.0000 364131988922.2500 0.0000 2935685122464.9610 0.0000 4171739612132.8574 0.0000 268861914200.1541 0.0000 473779496798.4506 105002366985.8201 5781387765792.6660
p2 0.0000 410359223017.3601 3319960949776.0000 1530904770815.2097 0.0000 504608881127.0909 64028900292.6389 157521896098.1600 0.0000 0.0000 9293879811047.1880 209012272736.0247
p3 32372399249.2346 0.0000 0.0000 595884116945.4437 13312079959.4722 146623304200.3951 222680245660.3958 101964763049.1900 76392515040.7738 0.0000 52095406489.9240 880053993510.4167 117958724728.5327 605276586723.4097 0.0000 6031479946.9600 1457990279468.5605 249313600464.7529 117261748716.2499 59667706046.8386 617935297956.6875 41342900919.8228 357423535212.9867 21072739023.6716 67947585294.0510 7861461197.5556 575231562271.2416 216603655546.0900 828447743637.9669
p4 252393025990.1599 1244517620820.2500 0.0000 0.0000 9550961486.7500 1334152053025.0000 987871695641.4722 0.0000 710023631641.0000 2547776100.2500 0.0000 0.0000 0.0000 0.0000 117058753182.2500 223202440059.4722 0.0000 0.0000 12774258798.7128
p5 862260257158.1211 1702974397386.5000 6341278504881.5000 42743441680.9573 0.0000 128203545099.9490 0.0000 283164289136.9955 17574103.6875 355047076942.0976 123122343404.8503 118109962148.6836 3856542704368.4004 7425018592.5956 116500336021.8538 0.0000 1132408463126.8887 1773202118620.6748 0.0000 2348502366018.2500 1420463351280.5596 506928442653.7509 3606005405652.2500 124285570799.5742 1537691336706.5554 270023135284.2361 23778833806.6875 225494895408.8445 0.0000 2982566994121.0000 274053924411.8233 30889342674.5000 717410208424.6667 320813723776.4915 99718271524.0000 5930288379098.2230 645855291102.2288
p6 287346362171.3530 213477907303.1891 551425852114.4974 4171739612132.8574 111952288957.4797 132331352741.8766 1400822859165.5850 1382017767968.0620 2338975286020.9610 798366769475.8057 0.0000 59283234730.6241 9292119382407.0410 1936445797813.2430 692104144545.1067 1069699445391.5037 8962248465945.1880 31977935371.9550 788895781455.4443 3015990116907.3330 284249291700.8889 1297086477859.7370 1638693888891.4102 97030801451.6687 1044580195638.7998 561438596237.6030 4200673981652.3950 216282016862.2235 288775728523.1497 516704076873.4395 685377294840.3460 732768464408.1542 0.0000 821973578214.6174 1618590441817.9230 35680658342.9009 10521879015225.1880 2982566994121.0000 0.0000 0.0000 1146631975986.9443 6048814662634.7740 2989700696433.7140 5845345821225.0000 2037476177279.5370 1860500275159.4736 0.0000 0.0000 0.0000 914632038638.8926 311710249111.2334 7079743518257.5560 266189890438.8709 271286805904.0000 0.0000 13381838276280.2500 1813312707649.0000
p7 1004282617322.4500 130090423080.2500 40820416718.4885 2112462852519.7578 7191124800.2500 2168318730574.8887 232090228344.2223 210169733273.1716 89349845294.4121 424881557901.8594 0.0000 14532857403402.2500 1041412074381.1875 1060149277065.7500 0.0000 159178708246.6875 289380107906.9844 124304664815.7087 41149572751.5808 251996928861.6096 58376217270.8088 1312357902717.5000 650655981104.1094 1468564592938.7440 0.0000 767215106227.4818 191233394350.1910 3001895610602.7650 42694263441.9616 163325674795.1736 2022307260162.2500 771893353379.2400 381806438537.7142 862260257158.1211 196400043636.6400 410625645438.3999 278360114651.5000 164886988279.1488 4473315756596.2310 931319053026.1875 213477907303.1891 1663031912790.7754 0.0000 0.0000 635927781934.2400 362272417738.6734 1578968523006.3745 322049451375.1389
p8 717410208424.6667 0.0000 2002678059750.8896 1182147728524.2222 1011593664789.5557 82777878519.1389 988931796950.2500 658851208112.2500 0.0000 0.0000 101617519742.2500 51356892514.8889 0.0000 272854218003.7600 567037452258.0000 67182255874.6116 657313941001.0000 26670482721.0000
p9 252393025990.1599 1004282617322.4500 886275027350.0100 2985300211266.2500 267961625441.2500 448017685154.6668 0.0000 636265583934.4722 527823683800.2207 7765036080172.2250 6420898809371.2500 4427124923835.7340 1244928045307.4722 694319308127.7192 282715642134.5000 5791043454657.1090 4235728334369.6323 1071156691089.0000 4404286415429.3590 347158817579.5601 14878658729.7053 0.0000 4486061196847.4375 5822796537087.6000 1363416933780.6400 6407979619686.7500 6579289766118.6875 1097814238738.6938 1396579484107.1409 4638141204744.7500 618197280951.3582 0.0000 2932841572345.1567 84622519100.2500 1060409228345.1572 11889837822870.6880 1650728468730.6875 287346362171.3530 1110916.0000 351470874511.4400 205696750247.9167 884556822.2500 620833835718.9768 739514428520.8500 0.0000 2513657439928.3315 12736483330041.0000 0.0000 3425640333326.7500
p10 0.0000 147786276333.5555 55766320419.7654 0.0000 15572668890.2500 0.0000 348870052957.8400 541624840671.9193 9674043847656.2500 0.0000 0.0000 533730827637.5154 36017281954.3398 4114966884311.1875 141911505259.5802 1723715637323.5566 243556279912.6666 0.0000 826509962324.2400 0.0000 99718271524.0000 3819701537991.8050 834121536293.2007 83768205031.1871 321588171258.8225 748221777291.9939 698122084.0000 51356892514.8889 1575261107332.4443 0.0000 0.0000 4532205729570.8890
p11 90248270982.2500 1786746397064.2222 383299226385.7600 1729793741400.7954 23198207151.6395 0.0000 131380366787.9572 76615437240.2041 0.0000 2302737963006.2500 32952253955.7593 2738072891800.6670 21484342679.7134 5374023564407.8400 288059297161.4616 472505679379.2704 307774963847.8505 9511046167063.3870 51134847464.6489 32372399249.2346 1903262493965.1290 0.0000 0.0000 267840274281.4110 41570087481.2088 129213211514.0928 225.0000 0.0000 3831362398569.0000 469655971707.5556 6837371521002.5000 16715041052.4535 202734967441.8371 9500251743.9399 20772795380301.6880 54927532154.1556 1397236972554.8887 1243309166072.2422 613327317804.4241 64796043941.4336 698053977942.9231
p12 5822796537087.6000 0.0000 398523827517.6836 10677226978663.1040 0.0000 223087465373.0177 18975270915552.5000 0.0000 692613475060.6940 3409189656074.0000 56644.0000 1559131037687.1390 0.0000 2165358099068.8013 0.0000 798107576832.0988 352170647318.5956 0.0000 469910.2500 1236714918700.5215 8841654498122.0000 833045631846.7191 621917266683.9099 50186950512.8067 6900196893742.1590 37749755910889.0000 36017281954.3398 269022199602.2500 0.0000
p13 0.0000 424881557901.8594 0.0000 41330177704.0748 3401112368310.2500 305523186813.7400 1609101908632.7659 2576025.0000 33586037791.0682 0.0000 44019577299.6225 15289853553.4041 7427373720051.4410 2341894219565.6504 612942029766.6400 21458805493225.0000 72033373883.0614 0.0000 0.0000 509830636964.2645 729937496397.1388 84953551602.9289 5869692912534.8910 77693683746.0552 169472355867.8740 1660382236324.0000 128203545099.9490 0.0000 7983725542.1914 685980162748.3802 122241463588.8359 60063444057.1975 182550680340.2500 9292119382407.0410 17836328531.1525 723766184713.5554 170576.1875 3418723855590.0947 1011593664789.5557 63618919733.0799 0.0000 0.0000 16181841747556.0000 75361314688.6068
p14 7765036080172.2250 0.0000 428757753293.2222 11934362187361.9380 0.0000 425051000363.4401 6566847718936.1610 0.0000 69548347065.6378 86650754618.6807 1248411803652.2500 0.0000 17963531537.3563 38630642925.5417 145264126754.5038 19141603887.7165 45761171825.2222 0.0000 1864269860681.2500 2662448625862.8594 34133540027.0879 683737097062.0000 83804426078.4411 82303359702.8777 6871397291699.6000 0.0000 1524124323872.6665 0.0000 919707762387.5977 360642886760.2500 6088206372674.6680 1114181372162.6875 4101268975281.0000 1936445797813.2430 1204552459151.5823 1237769889325.6875 12613113340524.6680 177672392334.4732 307361577604.0000 10026966102384.2230 0.0000
p15 11889837822870.6880 4473315756596.2310 685560263629.8475 3831362398569.0000 1366633300778.7927 0.0000 0.0000 0.0000 816683630730.2500 192797883999.2112 8383262080782.6660 60063444057.1975 1114181372162.6875 364806851933.6328 2444409114946.2227 133124686622.8994 0.0000 3969406721569.0000 0.0000 57386287068.8828 11403739222825.3610 1016595143.2222 2437454515947.4214 1145779645647.0068 2076304475298.8008 52887284855.4336 621917266683.9099 31726187444233.6880 1413849947885.6875 776948737166.8900 0.0000 2952296967472.6670 32042918797962.2500 3025904380174.1680 9388145024064.0000 72340882055.6992 0.0000 225494895408.8445 1863167968458.1820 97790858788.9731 6379122838953.3550 201417520877.7939 0.0000 236682686411.9475 5845345821225.0000 76282434527.6584 0.0000 14149604467216.0000 154695550656.0000 82777878519.1389 40999752472.4279 0.0000 0.0000 83768205031.1871 13551019125410.5570 11921494735800.0000 135066697531.8422 224833395556.0000
p16 1650728468730.6875 117058753182.2500 254637420894.9574 931319053026.1875 6578314766.8889 760846334029.1968 5214856363236.0000 0.0000 268963195299.7558 1400120263719.5776 2191199781541.6528 182550680340.2500 4101268975281.0000 203071691193.2221 1685640275344.8890 347572150256.2500 902299394434.9434 0.0000 0.0000 300559635865.7436 584316633727.3923 15263395899768.2230 46135957391370.2500 128075510842.8000 162668500192.1967 878050665645.9185 7644616922.2500 4093336859345.2500 341307626948.2246 50186950512.8067 2052538078939.0613 147031026374.7073 1834226506410.9392 0.0000 5615819309751.6875 0.0000 3258391876130.0000 356656514431.9711 4899404025953.4320 0.0000 979852024882.4720 1582810003745.2400 345136852513.3880 236682686411.9475 2037476177279.5370 944873361138.0900 146150613912.2500 0.0000 467279549973.4368 0.0000 321588171258.8225 4832493868399.1390 0.0000 6585890562.2500 3161719328119.9180
p17 322049451375.1389 0.0000 7845887922085.4390 534172017047.8843 819373462056.2500 75361314688.6068 722886241864.4082 486203386.2400 88762482928.1172 76824358798.5962 1085742233546.9940 771335384805.2224 11968202521081.0000 1596307843535.5290 0.0000 0.0000 226366737486.6475 0.0000 2047176392180.5308 4606905640186.0890 3847807809077.6875 0.0000 3815556751608.2227 3767073809977.6875 0.0000 286420943651.4183 0.0000 645855291102.2288 351440488332.1406 1771882030453.7920 147118300683.9150 135066697531.8422 3161719328119.9180 1813312707649.0000 82139728660.8270 0.0000 657313941001.0000 92887972921.7930 4532205729570.8890 4685399984075.8070 0.0000
p18 16715041052.4535 0.0000 260853200731.6233 2469736939801.5760 23976357236.2522 112718206631.0461 33716604461.7751 62959809392.2883 0.0000 29213585078.7175 512533797918.1598 282733676370.5507 6770029391.5138 158413566512.9288 4685153910550.8100 643531845040.1956 41342900919.8228 1584043145889.4287 0.0000 0.0000 195167924172.3382 69710146239.8669 191359128521.1256 0.0000 3449251771582.8896 13810269717804.3980 102701565464.4525 25811947761.6939 4682534618972.2500 33207100319.0141 773067295800.5898 604346250750.8798 33250507096.7760 2124972379712.2500
p19 202734967441.8371 0.0000 354589538254.3157 0.0000 97562326683.1895 0.0000 239329564594.2362 426335664166.3641 723766184713.5554 188363018574.2500 0.0000 7300618235329.1875 196032805666.1861 0.0000 37769839663.4554 232365413854.6094 71009584868.9600 571804872702.5876 3492780636789.3486 3862993782417.4670 357423535212.9867 937693572572.5707 0.0000 3904957420349.1357 255868028299.9692 405220032060.7420 43239472661.1736 4745398277696.6875 56406.2500 4877100863393.3600 0.0000 146150613912.2500 2010979532887.0557 102701565464.4525 121067839421.4684 7340647768608.8100 212822448413.5962 584651164609.3954 133273638421.5285 350975291051.4894 0.0000
p20 347158817579.5601 58376217270.8088 239552837225.7470 178600468704.2576 36978310066.5000 153083486702.0399 750729165388.9844 611662592391.6875 63560227538.3165 612942029766.6400 0.0000 281190452048.2222 6549347175607.3880 566663494554.3073 722697805108.4375 8372524502.2500 74877348296.1103 357718173735.3686 1078547278447.4401 139719490234.4416 9482638181815.6000 437545013980.2485 5189673116733.3390 642987251467.5039 5006793344982.2500 5036781199148.5000 0.0000 1053094220896.1333 3439027778572.5000 52263903769.0000 673349551036.9504 449291998269.0000 7425018592.5956 262452497053.1186 0.0000 2007845898958.1155 1145779645647.0068 878050665645.9185 97030801451.6687 1044243145564.3125 6770029391.5138 321545994608.2041 0.0000 367243368569.1533 0.0000 2444227475954.6020 13428956018916.0000 1596307843535.5290
p21 1243309166072.2422 359767040443.8451 625019856856.6035 2290714325336.3125 57225011020.2485 50929904360.5871 122322331654.7654 1097883522557.5969 664090218386.1250 146606188117.9275 12951426324444.2230 400708281760.0590 7861461197.5556 3478445620681.1094 0.0000 640946446617.4210 298746945084.6875 145984212099.6529 0.0000 3572691594492.2500 2265712837212.2500 773067295800.5898 584651164609.3954 353014635714.1899 1049706097387.9396 764624099755.8154 101789604005.6451
p22 131380366787.9572 0.0000 1127984541968.9824 2080015735204.9100 16078992289.4375 55251304026.0277 255020139659.2716 184505810476.8297 640835521035.2854 757811933452.1426 608209779734.4938 304924127786.8889 1181170662806.4023 222680245660.3958 7597950658488.2440 418501632233.4980 218203833489.2137 294093285797.8610 61394825335.3073 0.0000 112718206631.0461 239329564594.2362 84062384239.2399 19504130366.0219 2290714325336.3125 850773587640.3607 309347714275.2899 1546904086090.9600
p23 636265583934.4722 0.0000 2675731307579.6387 819666493348.6875 3444758272036.0000 0.0000 0.0000 5818098569402.2500 0.0000 0.0000 0.0000 652029898832.1832 70104355124.0496 0.0000 3114706403570.8887 3504418970190.6875 42758828333552.2500 611662592391.6875 5218705526692.8400 18975270915552.5000 5257321874344.8010 20108073686544.4000 0.0000 1143961802282.2500 9212244844744.6680 251736625509.9599 0.0000 847619453757.4724 8383262080782.6660 1400120263719.5776 798366769475.8057 6753429198942.4890 108823806310.2645 1530904770815.2097 7269400841501.1430 1055962787600.2500 819373462056.2500
p24
p25 12774258798.7128 3425640333326.7500 0.0000 0.0000 895558242085.0060 24798603270.8571 0.0000 649590687777.5875 0.0000 1793131229162.2500 13719952801009.3600 6712175097527.3340 87116474025.0000 24763607026.3385 0.0000 4161834525483.6875 224833395556.0000 6881922452136.5000 1601996733267.6000
p26 351470874511.4400 1349116450.3045 672785326131.2500 108823806310.2645 31399128545.0498 504608881127.0909 57575810514.0756 8009825737930.1600 341150145849.0764
p27 41149572751.5808 1173896483673.1875 1244727189194.9688 0.0000 42758828333552.2500 234615637635.6484 1940926449186.2900 30830618982.2500 281120321615.1361 66295539341.7895 66893576529.4021 1078547278447.4401 0.0000 716912374526.6665 9391003961150.2500 606646686671.2500 64827611311.4922 0.0000 77790937170.5600 0.0000 0.0000 568936937125.8684 182.2500 3516371194.2500 1016595143.2222 128075510842.8000 1297086477859.7370 330535932882.4401 53462153828.0988 0.0000 1971161244380.2500 0.0000
p28 2547776100.2500 4486061196847.4375 1468564592938.7440 9511046167063.3870 180415152127.1358 1620082933776.5486 0.0000 2974762640827.7500 1024572213471.5833 14490342254157.6020 0.0000 2366840336664.5557 2075948786463.3600 59997660223.1495 5218705526692.8400 304924127786.8889 2241726776685.4404 2960567052982.5605 649261489906.0957 72033373883.0614 2662448625862.8594 263686214992.3001 16623329615910.6390 1389228914520.9167 85774889765.1042 10390880964380.9600 0.0000 7427607335078.2230 14536452435527.8050 26278606294.7208 1206888881705.2870 2908149519037.1700 4790180067904.0000 0.0000 713690419204.0000 716912374526.6665 3818268082400.1980 437545013980.2485 3430930624406.1875 15794003393734.2230 650449508520.2500 5424227026009.0000 2165358099068.8013 2351251723132.1390 1709647933329.9648 0.0000 753930285076.1265 785028451935.4159 3449816022961.3490 1092895923483.6011 7625667845668.5000 1280366017162.5950 2202065991758.2104 32532850968.5881 5748890598982.1590 1909612069247.6738 2565766843346.2305 116500336021.8538 240199199786.0000 1495871652.2500 308807133508.6329 601046711272.8220 26370099303.4843 2354851165333.5557 52887284855.4336 341307626948.2246 4200673981652.3950 8009825737930.1600 26123363295.2489 4685153910550.8100 3492780636789.3486 9293879811047.1880 2095047093026.8892 4189654049668.0620 2450702619567.7144 67182255874.6116 25092892367.6573 3912255664996.2470 6135153306259.1040 533730827637.5154 12951426324444.2230 262844125983.2500 177221014413.6001 1294814402939.1390 1011776468641.0000 3932799085442.1816 1926388547136.0000 226366737486.6475 13719952801009.3600
p29 14878658729.7053 0.0000 650655981104.1094 133599022144.0000 5779661465204.6680 10481375897731.5530 0.0000 0.0000 1864269860681.2500 365268536250.2500 3442362232635.3604 240580930590.2500 2011108738637.3599 20820093337.7599 246688153336.5000 6050508326653.5550 1237093188128.1875 9482638181815.6000 15794003393734.2230 0.0000 1035677439925.5400 3974628134178.8574 6609511118793.5570 946128.5000 0.0000 2594365342961.2000 4730883072042.6930 588547855413.5557 5917338610178.6660 1721254252211.5000 2076304475298.8008 7644616922.2500 561438596237.6030 3359887251164.6670 0.0000 346337062963.8275 0.0000 2337803769097.9185 0.0000
p30 9500251743.9399 517716695212.3733 33911239271.2314 0.0000 84062384239.2399 35175042593.0000 37045613908.4437 9467734646066.6680 15506041884.9221 415512911074.7943 102948615228.3469 499860442109.6072 2095047093026.8892 126742919408.9752 21072739023.6716 0.0000 2075609263188.4465 0.0000 298142335823.0649 34649833037.9261 27960638821.0989 14149604467216.0000 888487377880.1600 0.0000 25811947761.6939 121067839421.4684 55704344937.6572 353014635714.1899 597837724658.9717 41923854905.7211 1084396185331.7500
p31 282715642134.5000 159178708246.6875 0.0000 367804558469.4401 2147603761624.2217 433963420081.0000 122383168334.4082 0.0000 131807672663.1875 0.0000 17963531537.3563 419391588420.2500 6368108801.8136 162186052928.3594 2782755507263.4100 168901927952.4722 384677218036.5601 30830618982.2500 539275797316.0000 8372524502.2500 20820093337.7599 14536452435527.8050 18399680511.9887 112799639046.7420 184131101025.0000 16465182890.6533 229438126009.0000 111503504103.8401 457412298014.0000 899916366056.0000 140966555614.2161 4993033218989.9375 726061509322.8889 0.0000 0.0000 31977935371.9550 0.0000 223137062881.8100 188544602051.4710 0.0000 6711087098.7140
p32 163325674795.1736 193032864632.6684 0.0000 0.0000 0.0000 250214048678.2224 7476339754762.2500 77693683746.0552 0.0000 25314997431320.2420 148996000000.0000 0.0000 229438126009.0000 395940013729.3600 97428640455.2711 0.0000 0.0000 302677568679.0612 1053094220896.1333 946128.5000 1280366017162.5950 469910.2500 4083502985311.2095 410503171941.0977 0.0000 473679910882.2177 303817214709.2545 2491328929438.4844 0.0000 0.0000 1420463351280.5596 80094894818.5534 4656169029479.1875 1009224335155.7195 3025904380174.1680 0.0000 0.0000 456227330330.8001 1424042534511.2344 6873466424457.2500 3815556751608.2227
p33 337627574721.9235 14532857403402.2500 5781096080881.0000 163326631686.4081 1609101908632.7659 2909585196336.2217 696662629836.8099 419391588420.2500 435550918694.3634 0.0000 0.0000 0.0000 0.0000 281190452048.2222 365268536250.2500 263686214992.3001 7806409214982.8900 10759406983562.2500 0.0000 221724821002.0000 0.0000 0.0000 0.0000 43588114076.3091 53306992351.3600 283164289136.9955 1276865005934.8890 71502559101.2366 364806851933.6328 203071691193.2221 61763506210.5917 188363018574.2500 988931796950.2500 15572668890.2500 70923607460.8179 0.0000 0.0000 5071116734391.3580 895558242085.0060 722886241864.4082
p34 12736483330041.0000 613327317804.4241 142640097986.4723 0.0000 578738280252.2500 1409326681.0000 1248348117025.0000 121418898177.4173 65670018483.6875 340910723669.7722 353782876412.2500 850773587640.3607 964786282300.6599 0.0000 0.0000 25789785130544.8870 446210991315.4914 12088948347972.2500 6747965316.0000 85877326046.5327 0.0000 1945320766294.9307 171575434288.2776 63130668063.1875 394024751058.4291 1294814402939.1390 439024055497.8500 575231562271.2416 1092281114083.1389 0.0000 0.0000 2096134974612.2500 336778553516.6396 103331526435.7067 152619060244.6024 1028799020092.6875 666361199790.2500 773466440130.6667 523906321.0000 6585890562.2500 271286805904.0000 0.0000 604346250750.8798 133273638421.5285 597837724658.9717 0.0000 0.0000 463878196984.5356 764624099755.8154 1392244782087.9753 1362446065948.8887 0.0000
p35 64796043941.4336 196859600624.9695 9989003025.0000 78207760065.2475 309347714275.2899 125092474937.0208 203873910164.6094 66696892432.2400 947399242758.8782 1518855756.2500 733648385917.2461 1926388547136.0000 77443245406.0764 216603655546.0900 3014628612940.8594 1329059741882.0830 434333161751.1715 193203952952.2485 3174712088.0000 33250507096.7760 350975291051.4894 41923854905.7211 101953892440.0269 101789604005.6451 1392244782087.9753
p36 6579289766118.6875 163953826196.9529 3001895610602.7650 0.0000 644545484812.9656 3785419039564.5760 0.0000 0.0000 117537551406.2500 84953551602.9289 83804426078.4411 221724821002.0000 94856173040.9344 1153450236550.5970 0.0000 112799639046.7420 463541172127.9210 651621808929.8889 1512527260650.8892 5036781199148.5000 3974628134178.8574 874858028855.8398 785028451935.4159 352170647318.5956 124694573255.4896 13452540440670.2500 410503171941.0977 94526880290.5733 29050917579.5552 805433236825.5963 465149059041.5000 417914130143.4515 39163402576489.0000 885736677842.6631 0.0000 1834226506410.9392 516704076873.4395 5035182595430.8070 0.0000 640445459959.7056 1723715637323.5566 80037310765.7471 7616718273879.7610 4606905640186.0890
p37 383299226385.7600 0.0000 5442144627.3594 146411774552.5207 1127984541968.9824 149836957494.1406 401086838101.9166 2689005363936.0000 471514696930.0658 2118376379880.9465 0.0000 486752629875.0400 595884116945.4437 2566864065579.0400 0.0000 466150576091.1467 2714010089396.4717 101797979309.0400 657658351417.2500 260853200731.6233 354589538254.3157 517716695212.3733 278216374422.6667 359767040443.8451 121418898177.4173 196859600624.9695 0.0000
p38 4638141204744.7500 771893353379.2400 51831237519.3794 0.0000 573944778318.2477 0.0000 14452352640625.0000 10483543341334.2190 0.0000 715419463728.6667 89535431415.5079 0.0000 2545045215239.4717 9212244844744.6680 736267101100.8162 0.0000 169472355867.8740 0.0000 43588114076.3091 3122253251740.2393 77579708609.8740 25459330684176.0000 35315770676849.5550 457412298014.0000 18494978272.9576 1209980982742.2040 4487562670565.4720 0.0000 0.0000 2253981867992.7935 673349551036.9504 4730883072042.6930 2272830992756.2470 32532850968.5881 1236714918700.5215 1410075171697.6543 701859377733.7344 805433236825.5963 5028245634449.5510 382905838315.7120 2491328929438.4844 3514816817941.5566 14527887683666.0000 3315700931110.6875 10670924294409.5550 1450937283380.4844 506928442653.7509 1045449850926.5079 223536371200.4435 14021677600.2993 555469664413.3331 72340882055.6992 356656514431.9711 1618590441817.9230 17899698409.2230 0.0000 3904957420349.1357 0.0000 0.0000 110589499725.6138 3066612262057.0760 15986650236.2449 5713989646504.2340 826509962324.2400 0.0000 90622673296.0000 1371668103195.9565 801622701068.2207 286420943651.4183 0.0000
p39 698053977942.9231 1356814952611.8890 15294498843.2000 0.0000 15533363007.2000 1546904086090.9600 2124972379712.2500 1084396185331.7500 1532622961187.3600 0.0000 15999925046.4722 1362446065948.8887 4770130113787.1875 828447743637.9669
p40 205696750247.9167 0.0000 42179917506.2500 0.0000 170576.1875 26176009.5000 0.0000 1063220.6875 4189654049668.0620 767496.7500 110589499725.6138 1532321576258.6401 0.0000 9793062985398.6880 0.0000 0.0000
p41 41570087481.2088 32410600738.6875 101797979309.0400 72230757376.1224 4107818927400.2500 82867250852.5475 218203833489.2137 67303550454.9506 1660382236324.0000 519366200.0000 3597444336249.0000 88616855571.3580 871128003406.5333 70695208427.4443 1525671829651.8025 469602348540.0493 535448327367.6544 2565766843346.2305 2735068575670.2217 0.0000 59667706046.8386 3824066778335.5000 0.0000 1450937283380.4844 567299547901.9161 3606005405652.2500 317335172637.6080 2651901642802.5600 1470361036577.9592 1863167968458.1820 945935198464.0000 2126353461603.1094 69710146239.8669 405220032060.7420 34649833037.9261 33461441150.2344 0.0000 54401025516.8789 298746945084.6875 103331526435.7067 193203952952.2485 1356814952611.8890
p42 886275027350.0100 40820416718.4885 138935480340.2500 0.0000 1599263722788.4844 2615685366914.9165 819666493348.6875 1205983256134.2207 41330177704.0748 428757753293.2222 5781096080881.0000 691897138802.6306 380846173731.7958 498095871656.6399 364808775778.4414 130070229539.1521 0.0000 1173896483673.1875 873645366491.2747 239552837225.7470 133599022144.0000 153585169311.9184 1620082933776.5486 1031962382142.5991 0.0000 437108500269.0335 644545484812.9656 235209454350.2236 1368694253159.6543 193032864632.6684 1696532300100.0000 573944778318.2477 2150719944237.5547 32410600738.6875 6341278504881.5000 1005570931034.5306 529605848646.9877 663166281357.2224 5430657827246.8880 1366633300778.7927 0.0000 6578314766.8889 551425852114.4974 4402082140758.3710 1644286174687.9565 3202296487110.1875 147786276333.5555 880331572065.1875 6011760680887.6790 142640097986.4723 7845887922085.4390
p43 1244517620820.2500 7191124800.2500 0.0000 4639958030835.2500 0.0000 0.0000 0.0000 19861698973.0000 850653581684.0663 1074084540780.2500 7463404881.0000 0.0000 21553601532.6667 0.0000 1024572213471.5833 0.0000 1837962342783.5000 0.0000 351053394859.5555 0.0000 0.0000 0.0000 132331352741.8766 2284729339770.2000 578738280252.2500 37468764192.2500 113925634311.6095
p44 76615437240.2041 0.0000 179022918284.7054 67303550454.9506 115635236537.8182 0.0000 149836957494.1406 17117496356.7482 88180610831.8201 55251304026.0277 2831357310.2500 0.0000 33716604461.7751 426335664166.3641 35175042593.0000 29007461005.1031 221142815165.7752 1349351221949.6748 78302517481.2222 15689169672.2241 57225011020.2485 964786282300.6599 306670298661.4915 125092474937.0208 2241726776685.4404 18675086762.2493 101964763049.1900 966121798502.1875
p45 23198207151.6395 0.0000 146411774552.5207 16078992289.4375 17117496356.7482 26897297959.6156 64509041361.5951 1023755705814.5718 62858485227.0000 13242321.0000 205619219992.3636 2075948786463.3600 29563249888.5547 146623304200.3951 1816165592240.7778 0.0000 164625936562.1330 82867250852.5475 40778579518.5762 816683630730.2500 1596693382625.1387 22548280741009.0000 23976357236.2522 97562326683.1895 33911239271.2314 0.0000 19709612396.4590 625019856856.6035 340910723669.7722 78207760065.2475
p46 0.0000 880331572065.1875 473779496798.4506 199197395114.7344 582189785162.8958 12613113340524.6680 0.0000 0.0000 1691248607772.5600 0.0000 0.0000 6642902016.0000 0.0000 572318993871.9812 262844125983.2500 0.0000 684118643288.2223 90622673296.0000 4226455617588.6670 7079743518257.5560 0.0000 231274506935.3679 723060080957.5823 2724496866025.0000
p47 884556822.2500 3066612262057.0760 0.0000 30889342674.5000 0.0000 3792756.2500 1973418820709.9185 3418723855590.0947 154695550656.0000 89426117764.0000 0.0000 171523489213.7924 117220724552.6944 1752098104088.6500 2305067288296.2017 321545994608.2041 698122084.0000 2450702619567.7144 0.0000 457272832.6667
p48 130090423080.2500 0.0000 133514283826.2264 0.0000 2675731307579.6387 337627574721.9235 716943914458.2224 1734118338433.0610 14842721770.8889 0.0000 180865847130.2840 0.0000 180415152127.1358 8892482046702.2500 157295.5000 398523827517.6836 163953826196.9529 661757679563.1875 176302333341.6800 51831237519.3794 0.0000 1702974397386.5000 1692394147320.2500 8115667569.0000 68431703244.7528 685560263629.8475 254637420894.9574 302342682926.9961 0.0000 70290650690.7633 26382530329.0000 0.0000 0.0000
p49 0.0000 267840274281.4110 466150576091.1467 0.0000 164625936562.1330 0.0000 418501632233.4980 179022918284.7054 53306992351.3600 1455054743792.2500 227890121196.7978 16843993868592.2500 43317853416.0275 1012480531182.6943 273901191059.3642 8136680412.6667 166517544663.4104 1909612069247.6738 1428793645961.4456 249313600464.7529 457111007316.1600 10670924294409.5550 33789515765625.0000 567299547901.9161 39741325642.1833 0.0000 806304420.2500 1480386633432.8570 10521879015225.1880 0.0000 195167924172.3382 255868028299.9692 298142335823.0649 98281265817.4487 640946446617.4210 336778553516.6396 1329059741882.0830
p50 527823683800.2207 89349845294.4121 1205983256134.2207 55357065814.3309 0.0000 1012891476603.5557 717372984368.2227 5818098569402.2500 3693258293631.7593 217923246506.2500 2525383420170.2500 5009092804436.1875 131807672663.1875 308299815377.6001 856127588578.0000 234615637635.6484 63560227538.3165 3628858660154.0000 0.0000 2960567052982.5605 3041025215591.6094 2726011647502.8896 117537551406.2500 1283759490037.9888 7476339754762.2500 163855761999.5000 2816561662382.2500 736267101100.8162 45563860595.6137 0.0000 1619017135385.8594 2872234026106.1875 0.0000 2191199781541.6528 59283234730.6241 545826178800.2500 4598235898053.9840 1971901738947.6748 0.0000
p51 0.0000 1409326681.0000 0.0000 0.0000 0.0000 0.0000
p52 105002366985.8201 113925634311.6095 431194456976.5432 51788302903.1801 0.0000 16181841747556.0000 307361577604.0000 2247033230721.7600 0.0000 16103863801.0000 0.0000 1011776468641.0000 1400886067166.9797 801622701068.2207 555443023680.2500 0.0000 0.0000 1861112579076.0000 94021476638.8889 723060080957.5823
p53 618197280951.3582 0.0000 381806438537.7142 2150719944237.5547 147380012984.3992 2641099431920.6665 2086133510627.5000 0.0000 45563860595.6137 1524124323872.6665 6040309358902.8910 5912148483081.0000 899916366056.0000 5302875203966.5000 3634907855.2654 0.0000 568936937125.8684 4755593658572.2230 449291998269.0000 4799525701293.5560 588547855413.5557 5748890598982.1590 0.0000 4020741020690.8890 465149059041.5000 0.0000 497016653672.6633 2436069820219.6875 1166085904.0000 3315700931110.6875 33789515765625.0000 2485057117993.3877 1883345798702.7598 0.0000 4899404025953.4320 35680658342.9009 7461122355392.9600 0.0000 1225025650121.1428 0.0000 4226455617588.6670 2096134974612.2500 1156383022275.2400 0.0000 0.0000
p54 157295.5000 51134847464.6489 486752629875.0400 29563249888.5547 2286626353440.2500 1181170662806.4023 18675086762.2493 12794656.5000 354515064534.0267 574844424325.8889 268527842217.7025 1690261361512.7500 4882514744980.6670 1520139188307.0151 2351251723132.1390 6031479946.9600 2360951808308.0000 1428793645961.4456 2735068575670.2217 0.0000 3783484033924.0000 2866249.0000 643531845040.1956 3862993782417.4670 126742919408.9752 8399356308461.7600 42340832970.0541 400708281760.0590 439024055497.8500 77443245406.0764
p55 469655971707.5556 0.0000 1480386633432.8570 945935198464.0000 657658351417.2500 1596693382625.1387 2831357310.2500 0.0000 3449251771582.8896 888487377880.1600 515308248.0000 0.0000 550523858398.8163 3572691594492.2500 523906321.0000 726685087560.6400 3174712088.0000 3783484033924.0000 617935297956.6875 2924420887874.0000
p56 223202440059.4722 620833835718.9768 635927781934.2400 20772795380301.6880 70290650690.7633 1644286174687.9565 0.0000 6190353219299.2340 39308686672896.0000 81590289695.8037 0.0000 20649740007402.2500 7269400841501.1430 4598235898053.9840 63618919733.0799 1204552459151.5823 70923607460.8179 3117145146268.2207 890648039882.2041 69229215472.7531 0.0000 223137062881.8100 23460575664.2573 1058158482310.1221 3420860524122.4960 53462153828.0988 4793582663522.3340 367243368569.1533 346337062963.8275 0.0000 0.0000 25092892367.6573 8399356308461.7600 37749755910889.0000 905704375605.8398 1231444686821.3564 640445459959.7056 7596178171801.7500 925091357076.0544 0.0000 1424042534511.2344 13507087617280.6880 15986650236.2449 1225025650121.1428 33461441150.2344 320813723776.4915 71246672949.4827 756311916476.4692 30631906585.6423 0.0000 40999752472.4279 467279549973.4368 914632038638.8926 7829276587.8913 4682534618972.2500 7340647768608.8100 0.0000 0.0000 2305067288296.2017 272854218003.7600 2802667729689.0000 1575261107332.4443 1875989484204.3720 0.0000 8854744378071.5000 92887972921.7930 6881922452136.5000
p57 0.0000 0.0000 251736625509.9599 0.0000 1349116450.3045 61634150437.8413 410359223017.3601 463937319707.4722 1495871652.2500 91334082804.4898
p58 84622519100.2500 410625645438.3999 8115667569.0000 0.0000 529605848646.9877 364131988922.2500 253463468578.3750 0.0000 685980162748.3802 360642886760.2500 872711932261.5554 319847330011.5802 5842977496.2222 553836440066.4132 4736962670033.2220 8567817815972.2500 101693383236.0000 0.0000 601046711272.8220 8841654498122.0000 1281803354255.2500 6751009520644.6680 1574075895820.4622 39163402576489.0000 823512690576.0000 4656169029479.1875 1045449850926.5079 1537691336706.5554 589083023183.1473 237965080080.0800 2151541843782.2500 6379122838953.3550 979852024882.4720 0.0000 383820269653.1439 4745398277696.6875 3792756.2500 756311916476.4692 2146506173206.4722 0.0000 16735643226655.7620 1028799020092.6875 1771882030453.7920
p59 2022307260162.2500 2606625154209.7220 1283759490037.9888 0.0000 0.0000 3439027778572.5000 7625667845668.5000 3514816817941.5566 497016653672.6633 0.0000 2131769646589.4395 32042918797962.2500 732768464408.1542 15609378906.2500 0.0000 20758534106694.2230 3767073809977.6875
p60 694319308127.7192 0.0000 498095871656.6399 70104355124.0496 5009092804436.1875 0.0000 53217369242.0277 1299312975776.2222 0.0000 722697805108.4375 2011108738637.3599 7427607335078.2230 224567013921.3334 0.0000 0.0000 463937319707.4722 0.0000 3969406721569.0000 0.0000 8962248465945.1880 57575810514.0756 157521896098.1600 0.0000 7405177071270.2500
p61 164886988279.1488 5430657827246.8880 1471722733008.6665 248708743656.7655 0.0000 0.0000 726061509322.8889 2760329707776.0000 2155608622381.5566 2354851165333.5557 973132925625.0000 757535376453.6094 132397329910.2470 555469664413.3331 806304420.2500 23778833806.6875 46633991301372.2500 2151541843782.2500 0.0000 0.0000 2989700696433.7140 0.0000 1477885156489.0000 2243925340684.1980
p62 739514428520.8500 0.0000 362272417738.6734 1397236972554.8887 3202296487110.1875 268861914200.1541 121926412801.5900 2284729339770.2000 53256950875.3185 126971249316.7547 3133933765264.0000 1237769889325.6875 73492222149.4532 147221211976.5601 188544602051.4710 839222205351.7600 804349075755.3555 139139115314.3154 0.0000 0.0000 3912255664996.2470 8282138852332.8010 75143789938.0620 0.0000 8305905811190.8910 0.0000 5713989646504.2340 10811003425320.2400 5590694337346.4000 1477885156489.0000 0.0000 0.0000 311710249111.2334 2802667729689.0000 231274506935.3679 4179747025217.9670 94021476638.8889
p63 129213211514.0928 39741325642.1833 317335172637.6080 2714010089396.4717 40778579518.5762 294093285797.8610 115635236537.8182 0.0000 191359128521.1256 43239472661.1736 27960638821.0989 336575856450.0100 167513580769.7137 622408865655.8164 771513113635.9822 37531675452.8384 145984212099.6529 152619060244.6024 225017602359.1632 434333161751.1715 15294498843.2000 240199199786.0000 117261748716.2499 0.0000
p64 1396579484107.1409 0.0000 1696532300100.0000 1552680476356.0000 351053394859.5555 27178797217904.6640 1051336857472.8887 0.0000 2816561662382.2500 6871397291699.6000 0.0000 935248312428.6116 81539438988.9414 0.0000 0.0000 111503504103.8401 522851049710.3733 12909199718059.1040 0.0000 0.0000 52263903769.0000 2594365342961.2000 0.0000 2202065991758.2104 1491528181111.8677 29050917579.5552 0.0000 697609406674.9375 14527887683666.0000 1166085904.0000 1447086296601.0000 9388145024064.0000 3258391876130.0000 821973578214.6174 1808908224679.9375 13507087617280.6880 0.0000 0.0000 684118643288.2223 458475082838.8166 0.0000 6234109488065.5510 24763607026.3385 0.0000
p65 21484342679.7134 0.0000 43317853416.0275 70695208427.4443 167513580769.7137 7188949545.2900 64509041361.5951 184505810476.8297 221142815165.7752 29213585078.7175 37769839663.4554 15506041884.9221 146861118926.0416 101249548420.6326 56140499191.8818 45358401401.8025 122322331654.7654 85877326046.5327 48193055672.5432 66696892432.2400 4790180067904.0000 1532622961187.3600 268527842217.7025 52095406489.9240 54852320886.2223
p66
p67 8892482046702.2500 91334082804.4898 3010225.0000 973132925625.0000 2315379159769.0000 341150145849.0764 976503460427.7025 209012272736.0247 224567013921.3334 5424227026009.0000
p68 0.0000 210169733273.1716 0.0000 88180610831.8201 69548347065.6378 0.0000 122383168334.4082 113653482124.7289 0.0000 11907760369723.0600 0.0000 0.0000 611469173798.7368 0.0000 2545045215239.4717 0.0000 0.0000 0.0000 262077444225.0000 248708743656.7655 2338975286020.9610 0.0000 0.0000 20649740007402.2500 1704133600056.2227
p69 1244928045307.4722 1809671255440.6875 0.0000 89862652441.0000 652029898832.1832 5639971893906.2500 53217369242.0277 0.0000 0.0000 0.0000 10390880964380.9600 976503460427.7025 0.0000 25459330684176.0000 61634150437.8413 0.0000 4849022000450.2500 31399128545.0498 64028900292.6389 0.0000 147221211976.5601 0.0000 0.0000
p70 710023631641.0000 4404286415429.3590 251996928861.6096 180865847130.2840 873645366491.2747 59010202940.5000 21553601532.6667 2718620510450.1875 0.0000 1087956431652.2500 2341894219565.6504 45761171825.2222 0.0000 0.0000 3575582206688.2227 0.0000 539275797316.0000 10335808524.0492 1056507111650.5125 2042597470003.1357 66893576529.4021 139719490234.4416 1237093188128.1875 2265778088632.1875 3818268082400.1980 1559131037687.1390 3472606747180.3330 17682528569.9597 1512527260650.8892 694733884057.0254 302677568679.0612 2253981867992.7935 4755593658572.2230 8136680412.6667 3856542704368.4004 439446405357.1494 101693383236.0000 2336562820961.5063 2437454515947.4214 162668500192.1967 1638693888891.4102 4419331642338.7750 4793582663522.3340 0.0000 0.0000 6219423827297.9000 63130668063.1875 10085697434891.5550 11968202521081.0000
p71 288059297161.4616 471514696930.0658 3949041091.3156 1023755705814.5718 757811933452.1426 1349351221949.6748 0.0000 696627589429.3815 56140499191.8818 401983171391.4774 1060964412990.0986 0.0000 4882514744980.6670 117958724728.5327 6756796496763.5550 273901191059.3642 469602348540.0493 622408865655.8164 46135957391370.2500 0.0000 282733676370.5507 71009584868.9600 102948615228.3469 622601344454.0908 664090218386.1250 171575434288.2776 0.0000 947399242758.8782 15999925046.4722
p72 307774963847.8505 0.0000 2118376379880.9465 14385439590.6875 205619219992.3636 0.0000 608209779734.4938 306670298661.4915 21458805493225.0000 0.0000 642444499704.2830 48193055672.5432 3222928122729.1740 1060964412990.0986 3430930624406.1875 1520139188307.0151 605276586723.4097 3283705039435.3057 2272830992756.2470 166517544663.4104 535448327367.6544 225017602359.1632 726685087560.6400 158413566512.9288 571804872702.5876 499860442109.6072 0.0000 156291019998.5079 146606188117.9275 394024751058.4291 733648385917.2461 4770130113787.1875
p73 2985300211266.2500 2112462852519.7578 138935480340.2500 0.0000 4639958030835.2500 3595942022191.2500 669082184798.5000 3444758272036.0000 55357065814.3309 3401112368310.2500 0.0000 4424209433236.6670 166996095407.5764 367804558469.4401 187010407809.0000 794804752304.2263 1244727189194.9688 59010202940.5000 178600468704.2576 7219449626173.5550 5779661465204.6680 2974762640827.7500 10677226978663.1040 4498288419685.7140 895243862004.5398 2606625154209.7220 0.0000 1552680476356.0000 14452352640625.0000 147380012984.3992 0.0000 2833304081561.8890 7716299632900.2400 1471722733008.6665 760846334029.1968 111952288957.4797 546959875739.5586 42179917506.2500 6190353219299.2340 121926412801.5900 0.0000 2729800568264.0664
p74 448017685154.6668 133514283826.2264 232090228344.2223 0.0000 2615685366914.9165 669082184798.5000 0.0000 0.0000 717372984368.2227 305523186813.7400 0.0000 163326631686.4081 4997558720717.0625 752067059524.0000 73457738577.3306 433963420081.0000 53328578517.9340 248453740936.1684 0.0000 0.0000 1087956431652.2500 750729165388.9844 879855595362.9601 0.0000 0.0000 59997660223.1495 2286626353440.2500 223087465373.0177 1733566001200.8887 3785419039564.5760 2885007525890.8887 1148616416091.1875 0.0000 250214048678.2224 1051336857472.8887 89535431415.5079 2086133510627.5000 4107818927400.2500 42743441680.9573 253463468578.3750 256203200867.3136 41372985719.8553 192797883999.2112 268963195299.7558 1382017767968.0620 39987006729.9231 0.0000 0.0000 1182147728524.2222 81590289695.8037 3133933765264.0000 55766320419.7654 353782876412.2500 1858003723478.2344 0.0000 534172017047.8843 0.0000
p75 6420898809371.2500 1041412074381.1875 691897138802.6306 4424209433236.6670 0.0000 4997558720717.0625 0.0000 3693258293631.7593 2576025.0000 86650754618.6807 2909585196336.2217 5704282059124.6910 6368108801.8136 781836785474.9023 461341349892.7474 1003305625.0000 0.0000 6549347175607.3880 3442362232635.3604 6334163043194.8900 1389228914520.9167 30462149463.8752 94856173040.9344 25314997431320.2420 200164940194.0836 935248312428.6116 3122253251740.2393 6040309358902.8910 519366200.0000 17574103.6875 1310180365642.1274 872711932261.5554 2910615970938.9883 0.0000 2444409114946.2227 1685640275344.8890 692104144545.1067 2147669910913.6787 0.0000 89426117764.0000 890648039882.2041 0.0000 0.0000 286301483551.7983 0.0000 486203386.2400
p76 661757679563.1875 1903262493965.1290 235209454350.2236 2566864065579.0400 2885007525890.8887 1816165592240.7778 7597950658488.2440 966121798502.1875 729937496397.1388 0.0000 2239979113708.1070 446909651534.4399 1674796670132.6672 12305664091249.0000 54852320886.2223 2058765217832.6670 606646686671.2500 6756796496763.5550 5006793344982.2500 3283705039435.3057 3449816022961.3490 2360951808308.0000 1457990279468.5605 0.0000 5028245634449.5510 0.0000 457111007316.1600 3824066778335.5000 0.0000 0.0000 1421412758597.5000 1574075895820.4622 3219938795006.7773 776948737166.8900 2924420887874.0000 0.0000 4391781756800.2500 1584043145889.4287 937693572572.5707 2075609263188.4465 457272832.6667 7596178171801.7500 1436338630522.1120 0.0000 3478445620681.1094 0.0000 1092281114083.1389 3014628612940.8594 3847807809077.6875
p77 0.0000 2513657439928.3315 1578968523006.3745 6011760680887.6790 5781387765792.6660 2729800568264.0664 37468764192.2500 3841260701953.2393 1543726636201.5552 1858003723478.2344 1704133600056.2227 1055962787600.2500 1971901738947.6748 5719131747.0400 177672392334.4732 5071116734391.3580 240190658556.2500 286301483551.7983 2359448707179.4050 7405177071270.2500 6711087098.7140 1393172056867.9380 2113126545996.9844 1795188190721.9440 1971161244380.2500 6219423827297.9000 2444227475954.6020 8448646195680.2500 2337803769097.9185 177221014413.6001 269022199602.2500 71192379928.6805 1804799796471.6033 80037310765.7471 154828659335.4358 6873466424457.2500 20758534106694.2230 458475082838.8166 1371668103195.9565 1156383022275.2400 5930288379098.2230 16735643226655.7620 666329350092.7971 7307147953422.1220 2243925340684.1980 13551019125410.5570 4832493868399.1390 266189890438.8709 10847104299175.4410 0.0000 567037452258.0000 1875989484204.3720 4179747025217.9670 0.0000 2724496866025.0000 16062267169.0000 4685399984075.8070 1601996733267.6000
p78 0.0000 472505679379.2704 2689005363936.0000 0.0000 62858485227.0000 640835521035.2854 78302517481.2222 162228902049.2222 0.0000 101249548420.6326 401983171391.4774 3222928122729.1740 713690419204.0000 1690261361512.7500 880053993510.4167 2058765217832.6670 1012480531182.6943 1525671829651.8025 771513113635.9822 512533797918.1598 232365413854.6094 415512911074.7943 122094239121.4083 1097883522557.5969 1945320766294.9307 1518855756.2500 0.0000
p79 1097814238738.6938 42694263441.9616 1368694253159.6543 114025756329.0000 3259277101116.0000 89308334025.0000 0.0000 611469173798.7368 1143961802282.2500 163855761999.5000 5869692912534.8910 82303359702.8777 0.0000 1214992061672.6665 200164940194.0836 826006967394.0000 16465182890.6533 806533240884.0000 876313374341.2900 662118596684.7333 77790937170.5600 694733884057.0254 0.0000 2439306701584.0000 0.0000 1092895923483.6011 0.0000 49722534604.0903 364642109774.0000 94526880290.5733 303817214709.2545 697609406674.9375 382905838315.7120 2436069820219.6875 2348502366018.2500 670538802306.5125 823512690576.0000 3374611887647.0000 132397329910.2470 2952296967472.6670 5615819309751.6875 685377294840.3460 3364690976979.6875 925091357076.0544 8305905811190.8910 243556279912.6666 154828659335.4358 0.0000 43003561129.0000 0.0000 87116474025.0000
p80 2932841572345.1567 196400043636.6400 1692394147320.2500 225.0000 1005570931034.5306 0.0000 2833304081561.8890 0.0000 4706587064089.0000 4471598712840.2500 256203200867.3136 0.0000 0.0000 61394825335.3073 1619017135385.8594 7983725542.1914 919707762387.5977 1276865005934.8890 1310180365642.1274 0.0000 25983959268.7988 140966555614.2161 57806337021.3154 20916496504.5502 2484820048122.6875 182.2500 439446405357.1494 262452497053.1186 995612068612.2500 5917338610178.6660 308807133508.6329 3010225.0000 335615860838.8079 369602576479.5444 1421412758597.5000 417914130143.4515 670538802306.5125 80094894818.5534 0.0000 223536371200.4435 2485057117993.3877 2651901642802.5600 124285570799.5742 589083023183.1473 175484264736.3054 46633991301372.2500 97790858788.9731 1582810003745.2400 1146631975986.9443 34273096156.1788 0.0000 56406.2500 0.0000 0.0000 71246672949.4827 10811003425320.2400 3819701537991.8050 666329350092.7971 666361199790.2500 351440488332.1406
p81 0.0000 1729793741400.7954 97782292220.0057 0.0000 97647631807.0268 5442144627.3594 0.0000 2080015735204.9100 6566847718936.1610 0.0000 3475529263452.8164 89862652441.0000 16837513621609.7170 0.0000 2983154128821.5000 7188949545.2900 222606156990.6212 0.0000 3949041091.3156 0.0000 153083486702.0399 14385439590.6875 2366840336664.5557 13312079959.4722 89308334025.0000 715419463728.6667 0.0000 72230757376.1224 4471598712840.2500 0.0000 0.0000 0.0000 2469736939801.5760 126971249316.7547 582189785162.8958 65670018483.6875 51788302903.1801 1543726636201.5552 12417554061025.0000 9989003025.0000 15533363007.2000
p82 1334152053025.0000 4427124923835.7340 1060149277065.7500 2302737963006.2500 716943914458.2224 380846173731.7958 6274444429242.8010 166996095407.5764 850653581684.0663 6025708094652.6660 3475529263452.8164 73457738577.3306 0.0000 0.0000 2525383420170.2500 33586037791.0682 1248411803652.2500 696662629836.8099 5704282059124.6910 5639971893906.2500 162186052928.3594 87778292292.0229 3373103876795.4400 3206890519966.7754 1940926449186.2900 3575582206688.2227 566663494554.3073 3647047478941.0400 240580930590.2500 0.0000 85774889765.1042 2315379159769.0000 12794656.5000 1975474735292.2651 357280084314.3409 2239979113708.1070 1153450236550.5970 826006967394.0000 148996000000.0000 0.0000 0.0000 77579708609.8740 5912148483081.0000 1455054743792.2500 355047076942.0976 3597444336249.0000 25983959268.7988 319847330011.5802 103196143044.8402 133124686622.8994 902299394434.9434 1069699445391.5037 70064881829.0616 7300618235329.1875 26176009.5000 171523489213.7924 658851208112.2500 69229215472.7531 73492222149.4532 348870052957.8400 1691248607772.5600 2359448707179.4050 2247033230721.7600 25789785130544.8870 88762482928.1172 0.0000
p83 32952253955.7593 401086838101.9166 16837513621609.7170 26897297959.6156 255020139659.2716 29007461005.1031 146861118926.0416 162228902049.2222 696627589429.3815 642444499704.2830 0.0000 354515064534.0267 76392515040.7738 446909651534.4399 35315770676849.5550 227890121196.7978 88616855571.3580 336575856450.0100 5842977496.2222 0.0000 515308248.0000 62959809392.2883 196032805666.1861 37045613908.4437 31383069614.0340 50929904360.5871 446210991315.4914 203873910164.6094
p84 4235728334369.6323 987871695641.4722 124304664815.7087 130070229539.1521 0.0000 794804752304.2263 7463404881.0000 276450153115.7783 2983154128821.5000 248453740936.1684 0.0000 3504418970190.6875 856127588578.0000 44019577299.6225 38630642925.5417 0.0000 461341349892.7474 570746253006.2500 3373103876795.4400 0.0000 168901927952.4722 604920082501.1875 222855965073.4796 66295539341.7895 10335808524.0492 74877348296.1103 6050508326653.5550 313214515237.4375 1206888881705.2870 3409189656074.0000 274016703657.6632 29700298560.5451 651621808929.8889 12305664091249.0000 876313374341.2900 97428640455.2711 12909199718059.1040 1209980982742.2040 3634907855.2654 118109962148.6836 57806337021.3154 4736962670033.2220 1153087467391.8680 584316633727.3923 3015990116907.3330 115246330920.2500 1058158482310.1221 804349075755.3555 9674043847656.2500 0.0000 2113126545996.9844 6747965316.0000 37415283270.2222 1085742233546.9940 0.0000
p85 1110916.0000 1663031912790.7754 6837371521002.5000 302342682926.9961 4402082140758.3710 0.0000 546959875739.5586 0.0000 39987006729.9231 22548280741009.0000 6753429198942.4890 545826178800.2500 0.0000 17836328531.1525 61763506210.5917 2147669910913.6787 70064881829.0616 4849022000450.2500 24589929798.2852 115246330920.2500 0.0000 330535932882.4401 4419331642338.7750 1044243145564.3125 3359887251164.6670 5314120835412.2840 26123363295.2489 6900196893742.1590 2866249.0000 1025238434865.1696 5035182595430.8070 4391781756800.2500 3364690976979.6875 456227330330.8001 15609378906.2500 1808908224679.9375 17899698409.2230 7461122355392.9600 0.0000 2126353461603.1094 274053924411.8233 383820269653.1439 34273096156.1788 29527932955.2305 76282434527.6584 944873361138.0900 0.0000 1860500275159.4736 13810269717804.3980 2010979532887.0557 9793062985398.6880 117220724552.6944 0.0000 7829276587.8913 748221777291.9939 2265712837212.2500 0.0000 10847104299175.4410 1861112579076.0000 0.0000 8079319473266.5610 82139728660.8270
p86
p87 0.0000 1312357902717.5000 153585169311.9184 7219449626173.5550 0.0000 0.0000 13242321.0000 879855595362.9601 3628858660154.0000 6334163043194.8900 3647047478941.0400 0.0000 313214515237.4375 0.0000 2265778088632.1875 650449508520.2500 61880542564.0000 874858028855.8398 2439306701584.0000 0.0000 4799525701293.5560 995612068612.2500 1653458582639.2220 4093336859345.2500 1044580195638.7998 5314120835412.2840 0.0000 8448646195680.2500 0.0000 1793131229162.2500
p88 0.0000 6407979619686.7500 191233394350.1910 176302333341.6800 437108500269.0335 0.0000 895243862004.5398 1837962342783.5000 693082920313.7778 1148616416091.1875 0.0000 20108073686544.4000 2726011647502.8896 509830636964.2645 683737097062.0000 10759406983562.2500 357280084314.3409 184131101025.0000 29700298560.5451 218986867663.6362 1003849478510.0000 64827611311.4922 17682528569.9597 642987251467.5039 61880542564.0000 6609511118793.5570 753930285076.1265 798107576832.0988 1677272149114.7756 13452540440670.2500 364642109774.0000 473679910882.2177 0.0000 701859377733.7344 4020741020690.8890 1773202118620.6748 369602576479.5444 6751009520644.6680 806770061636.0222 1413849947885.6875 147031026374.7073 288775728523.1497 1025238434865.1696 0.0000 767496.7500 26670482721.0000 1231444686821.3564 75143789938.0620 141911505259.5802 1804799796471.6033 1400886067166.9797 0.0000 2047176392180.5308
p89 0.0000 6234109488065.5510 0.0000 5803011506.2500 12417554061025.0000 0.0000 10026966102384.2230 11921494735800.0000 0.0000 13381838276280.2500 8079319473266.5610 9847867729111.6880 37415283270.2222 0.0000 10085697434891.5550 13428956018916.0000 8854744378071.5000 16062267169.0000 3932799085442.1816 5820699442772.2040 7616718273879.7610 0.0000 43003561129.0000
p90 1363416933780.6400 0.0000 767215106227.4818 1031962382142.5991 4498288419685.7140 2033546624014.9595 1733566001200.8887 11907760369723.0600 5257321874344.8010 3041025215591.6094 0.0000 34133540027.0879 7806409214982.8900 30462149463.8752 1025785110764.2227 1975474735292.2651 18399680511.9887 692585413364.6666 274016703657.6632 1545992272922.9844 9391003961150.2500 3472606747180.3330 5189673116733.3390 1035677439925.5400 1709647933329.9648 0.0000 1677272149114.7756 124694573255.4896 49722534604.0903 4083502985311.2095 1491528181111.8677 1410075171697.6543 0.0000 1132408463126.8887 335615860838.8079 1281803354255.2500 4262868990458.8574 757535376453.6094 31726187444233.6880 2052538078939.0613 216282016862.2235 0.0000 905704375605.8398 8282138852332.8010 4114966884311.1875 71192379928.6805 5820699442772.2040 6712175097527.3340
p91 54927532154.1556 26382530329.0000 278216374422.6667 19709612396.4590 19504130366.0219 15689169672.2241 31383069614.0340 0.0000 45358401401.8025 622601344454.0908 122094239121.4083 156291019998.5079 6135153306259.1040 42340832970.0541 67947585294.0510 1436338630522.1120 0.0000 98281265817.4487 54401025516.8789 37531675452.8384 2146506173206.4722 0.0000 550523858398.8163 33207100319.0141 212822448413.5962 55704344937.6572 1049706097387.9396 463878196984.5356 101953892440.0269
p92 9550961486.7500 19861698973.0000 752067059524.0000 0.0000 217923246506.2500 766986195496.1875 570746253006.2500 16623329615910.6390 1025785110764.2227 1214992061672.6665 81539438988.9414 0.0000 0.0000 347572150256.2500 3117145146268.2207 240190658556.2500 24798603270.8571
p93 1071156691089.0000 14842721770.8889 5374023564407.8400 0.0000 68359146958.9388 0.0000 82883515866.0599 222606156990.6212 0.0000 7427373720051.4410 19141603887.7165 0.0000 1003305625.0000 3206890519966.7754 0.0000 384677218036.5601 222855965073.4796 1156024358966.6390 2042597470003.1357 2908149519037.1700 56644.0000 1545992272922.9844 1003849478510.0000 662118596684.7333 0.0000 0.0000 4487562670565.4720 0.0000 2484820048122.6875 8567817815972.2500 2271461417667.3335 2155608622381.5566 11403739222825.3610 15263395899768.2230 284249291700.8889 0.0000 139139115314.3154 3420860524122.4960 572318993871.9812 1795188190721.9440 16103863801.0000 771335384805.2224
p94 1060409228345.1572 278360114651.5000 68431703244.7528 663166281357.2224 2935685122464.9610 7716299632900.2400 0.0000 842556932281.0000 0.0000 41372985719.8553 262077444225.0000 847619453757.4724 2872234026106.1875 122241463588.8359 6088206372674.6680 71502559101.2366 2910615970938.9883 0.0000 103196143044.8402 0.0000 0.0000 4993033218989.9375 25774061541.4080 1153087467391.8680 2271461417667.3335 3516371194.2500 2336562820961.5063 2007845898958.1155 1721254252211.5000 1653458582639.2220 26370099303.4843 833045631846.7191 4262868990458.8574 806770061636.0222 885736677842.6631 3219938795006.7773 3374611887647.0000 1009224335155.7195 2131769646589.4395 1447086296601.0000 14021677600.2993 1883345798702.7598 0.0000 270023135284.2361 1470361036577.9592 175484264736.3054 237965080080.0800 0.0000 201417520877.7939 345136852513.3880 6048814662634.7740 29527932955.2305 4877100863393.3600 3319960949776.0000 1532321576258.6401 1973418820709.9185 2002678059750.8896 30631906585.6423 5590694337346.4000 834121536293.2007 7307147953422.1220 555443023680.2500 773466440130.6667 147118300683.9150 4161834525483.6875
p95 5791043454657.1090 0.0000 289380107906.9844 1734118338433.0610 2738072891800.6670 364808775778.4414 187010407809.0000 1074084540780.2500 2734930516196.2227 0.0000 53328578517.9340 113653482124.7289 3114706403570.8887 308299815377.6001 15289853553.4041 145264126754.5038 435550918694.3634 766986195496.1875 781836785474.9023 87778292292.0229 0.0000 1299312975776.2222 2782755507263.4100 604920082501.1875 1156024358966.6390 281120321615.1361 0.0000 1056507111650.5125 357718173735.3686 0.0000 246688153336.5000 26278606294.7208 574844424325.8889 692613475060.6940 692585413364.6666 0.0000 218986867663.6362 1674796670132.6672 463541172127.9210 806533240884.0000 395940013729.3600 0.0000 522851049710.3733 18494978272.9576 5302875203966.5000 16843993868592.2500 871128003406.5333 123122343404.8503 553836440066.4132 20916496504.5502 25774061541.4080 2760329707776.0000 57386287068.8828 300559635865.7436 788895781455.4443 24589929798.2852 0.0000 0.0000 9467734646066.6680 1063220.6875 1752098104088.6500 101617519742.2500 23460575664.2573 839222205351.7600 541624840671.9193 0.0000 6642902016.0000 1393172056867.9380 12088948347972.2500 9847867729111.6880 76824358798.5962 649590687777.5875
p96 267961625441.2500 2168318730574.8887 1786746397064.2222 1599263722788.4844 149068460456.1355 3595942022191.2500 97647631807.0268 0.0000 1012891476603.5557 425051000363.4401 6025708094652.6660 0.0000 2147603761624.2217 2734930516196.2227 276450153115.7783 82883515866.0599 2718620510450.1875 36978310066.5000 10481375897731.5530 0.0000 14490342254157.6020 2033546624014.9595 693082920313.7778 3259277101116.0000 0.0000 27178797217904.6640 10483543341334.2190 2641099431920.6665 4706587064089.0000 842556932281.0000 5214856363236.0000 1400822859165.5850 0.0000 672785326131.2500 39308686672896.0000 53256950875.3185 199197395114.7344 3841260701953.2393 431194456976.5432 1248348117025.0000 5803011506.2500
