
p0, 269211.6071, 71255.4000
p1, 301678.5000, 1217204.0000, 106728.4577, 113223.1188, 1837753.2500, 1800142.0000, 1921489.2500, 159347.0000, 4350689.0000, 158801.0000, 15119638.0000, 7244567.0000, 769678.0000, 4908128.0000, 606578.5000, 1298912.0000, 3128744.8000, 2435788.0000, 1641869.0000, 13991595.0000, 154718.2653, 7946643.0000, 247442.3137, 207580.9412, 2824126.0000
p2, 12101347.0000, 603935.2000, 5435276.0000, 1078849.8889, 4587477.0000, 338567.0000, 278746.8333, 635696.8000, 12100949.0000, 1617.0000, 3024492.2500, 400978.4444
p3, 93811.5077, 4411834.0000, 1678.0000, 555560.3077, 80250.8333, 181242.7778, 162563.4103, 164958.1000, 140141.5000, 40880.0000, 158394.5405, 526570.5000, 163154.1379, 401413.2500, 3232832.0000, 154119.2000, 716638.7059, 323050.2381, 130793.7111, 159596.8378, 505791.2500, 107715.9310, 258492.8846, 91110.0000, 185870.1429, 115689.6667, 252199.7200, 295477.9000, 325130.8182
p4, 832474.8000, 1367360.5000, 611105.0000, 2175373.0000, 81633.5000, 1769493.0000, 559586.8333, 1476648.0000, 1333157.0000, 524622.5000, 670773.0000, 254853.0000, 2231648.0000, 1814267.0000, 342720.5000, 649973.1667, 249352.0000, 671596.0000, 96126.4118
p5, 524203.4375, 1535124.0000, 1792071.0000, 120904.4516, 1132.0000, 105742.1471, 6562650.0000, 379071.2667, 3821.2500, 147636.6800, 100486.1101, 193415.0625, 1955988.0000, 55584.9333, 78797.1831, 17870.0000, 2299441.3333, 776760.6923, 2597636.0000, 1793511.5000, 1347436.8000, 334488.8824, 1900096.5000, 85032.3125, 1276674.6667, 195625.9818, 405450.2500, 176772.9828, 414313.0000, 2332120.0000, 185557.2982, 131656.0000, 803468.0000, 243944.8261, 988806.0000, 1206730.3333, 242468.2308
p6, 402403.0769, 230358.3731, 392933.7742, 1641869.0000, 124402.0645, 469416.8889, 817025.0588, 874479.0667, 2108271.8000, 1007584.1667, 198815.0000, 103933.2867, 3306016.4000, 1100200.4167, 565848.8095, 524860.8214, 2809177.7500, 127949.4706, 824845.0000, 1195226.0000, 402974.6667, 695126.7059, 1485131.7000, 137884.8571, 1224348.0000, 640227.6957, 1748175.7778, 393051.2162, 356119.5714, 552740.1765, 780898.6471, 706389.1905, 3313173.0000, 641307.7778, 1141031.9286, 77797.3593, 1922531.7500, 2332120.0000, 512848.0000, 3796303.0000, 767926.6818, 2183752.2857, 1760782.0000, 7694151.0000, 1003571.0909, 2332262.1667, 4587477.0000, 1291.0000, 1254.0000, 443394.1622, 244780.6290, 2855503.3333, 229663.7887, 696660.0000, 2482075.0000, 3676003.5000, 6435998.0000
p7, 668510.5000, 2853794.5000, 139727.1071, 783000.6471, 90324.5000, 2101042.3333, 790364.6667, 489538.5385, 285752.3913, 474336.1250, 7614426.0000, 3893782.5000, 807980.2500, 860316.0000, 2897.0000, 385294.7500, 906531.6250, 205659.8636, 54325.2477, 357947.4800, 152993.3654, 1340887.0000, 701593.1250, 1092694.7273, 4155018.0000, 405234.7419, 245937.7429, 1381793.8889, 145570.8627, 352141.9091, 3846565.5000, 619786.6000, 530329.0000, 524203.4375, 245493.4000, 1220045.0000, 1600353.0000, 332197.8182, 1444329.3636, 682773.7500, 230358.3731, 1653002.7143, 854.0000, 350183.0000, 568721.8000, 584973.5714, 389934.2250, 600981.8333
p8, 803468.0000, 2934301.0000, 1901560.3333, 773069.3333, 1013277.6667, 304711.8333, 2023295.5000, 813920.5000, 6010.0000, 153519.0000, 302019.5000, 318959.6667, 5158.0000, 482226.2000, 804411.0000, 166212.5455, 987317.0000, 164575.0000
p9, 832474.8000, 668510.5000, 983218.7000, 1511219.5000, 468597.5000, 1293902.0000, 8909116.0000, 1036850.8333, 3079481.3333, 3688707.6667, 2765125.5000, 1694783.3750, 1035147.1667, 636180.0556, 418567.0000, 1672043.1250, 1566683.2857, 1974714.0000, 1729326.1250, 646133.2000, 46618.9142, 1571576.0000, 1914896.7500, 1451934.0000, 677989.4000, 2530338.5000, 3333914.7500, 1122399.1429, 1161732.3636, 3006038.5000, 529865.5556, 1206075.0000, 1312301.4545, 1816426.5000, 1138523.4545, 3868695.2500, 1726403.7500, 402403.0769, 3611.0000, 723079.4000, 402706.5000, 306860.5000, 355072.4773, 487903.5000, 10919.0000, 1246896.2308, 5140316.0000, 7258445.0000, 1634917.5000
p10, 10919.0000, 289737.6667, 182721.8889, 2161029.0000, 650558.5000, 4746461.0000, 577762.6000, 273427.6750, 3111415.5000, 690152.0000, 4067394.0000, 322329.6111, 105966.6875, 2543784.7500, 345527.5556, 3017221.6667, 664890.0000, 427655.0000, 904918.6000, 3812539.0000, 988806.0000, 1699587.1667, 556863.2778, 141819.0208, 157248.8462, 491205.7727, 37491.0000, 318959.6667, 749447.0000, 2844046.0000, 4228885.0000, 1964324.6667
p11, 301678.5000, 1551724.6667, 480063.2000, 675514.5000, 105561.7778, 1867.0000, 106537.7931, 243694.2857, 1382.0000, 1519979.5000, 99995.6271, 1383362.0000, 105228.8966, 1603735.4000, 159451.9239, 253026.3600, 245429.7895, 2197278.4286, 270852.8667, 93811.5077, 825245.2667, 3242.0000, 1963495.0000, 216002.7778, 115221.3529, 150894.1707, 1440.0000, 208.0000, 1989068.0000, 339349.6667, 3843543.0000, 84415.9306, 179945.6712, 65344.4505, 3823375.7500, 170809.3333, 1693660.6667, 574560.5882, 267514.6735, 235792.0800, 274719.0000
p12, 1451934.0000, 4155018.0000, 333986.0625, 2051904.5714, 1135202.0000, 278426.4615, 3172676.0000, 2940.0000, 1034334.1429, 1790038.0000, 587.0000, 1212239.8333, 156865.0000, 1095332.3571, 1903235.0000, 941587.8889, 278399.7333, 2168.0000, 1013.5000, 731322.9524, 3167267.0000, 844014.9444, 381097.3000, 104023.0853, 2952788.2000, 6146128.0000, 105966.6875, 521264.5000, 1635556.0000
p13, 2175373.0000, 474336.1250, 1382.0000, 165496.1429, 7035510.5000, 264275.6000, 1076930.1111, 2523.0000, 67285.1674, 2502332.0000, 92937.3000, 45884.6974, 1469254.4000, 1598134.5000, 285270.4000, 4633637.0000, 101164.2169, 2940.0000, 1454735.0000, 741225.0909, 835974.8333, 153236.2667, 3397026.6667, 144844.9815, 242012.5313, 689436.0000, 105742.1471, 73504.0000, 40676.4336, 629709.3462, 219142.0909, 129387.8915, 427841.5000, 3306016.4000, 65445.0643, 604766.3333, 2470.2500, 434286.4615, 1013277.6667, 170302.9697, 2161029.0000, 1261.0000, 5049855.0000, 131894.6529
p14, 3688707.6667, 7614426.0000, 512768.6667, 1837753.2500, 5476759.0000, 897225.4000, 2508321.8000, 2601823.0000, 319011.9286, 145949.2841, 3027258.5000, 1713.0000, 88912.5106, 168143.7843, 293336.1786, 71608.7014, 314460.3333, 3824968.0000, 1100959.5000, 1509978.8750, 84552.6684, 983983.0000, 151533.6087, 117251.4607, 2571488.0000, 5175492.0000, 1169688.0000, 6562650.0000, 1220678.6923, 602655.5000, 4114565.0000, 1145766.7500, 2283418.0000, 1100200.4167, 851424.1333, 1693266.7500, 2764767.0000, 155519.5566, 556312.0000, 2446058.6667, 3360486.0000
p15, 3868695.2500, 1444329.3636, 404283.0500, 1989068.0000, 619839.1481, 2435788.0000, 5255789.0000, 7101790.0000, 904990.5000, 260861.9808, 2387133.0000, 129387.8915, 1145766.7500, 576844.2857, 1458062.0000, 159751.8462, 2839.0000, 1995506.0000, 520487.0000, 94760.9595, 2126429.8000, 49384.3333, 1332588.1818, 487953.1563, 2679693.0000, 79508.3645, 381097.3000, 3759343.2500, 764686.2500, 488564.9000, 8625152.0000, 1216831.0000, 8086567.5000, 1121983.2143, 3763131.0000, 126804.2923, 42485.0000, 176772.9828, 527234.0000, 164595.7843, 1474200.9091, 166179.6900, 5098872.0000, 209655.4658, 7694151.0000, 128155.0551, 3009.0000, 3762978.0000, 188000.0000, 304711.8333, 93173.5625, 2938124.0000, 2604622.0000, 141819.0208, 3235092.2000, 2450592.0000, 186593.9775, 474714.0000
p16, 1726403.7500, 342720.5000, 209869.5484, 682773.7500, 64834.3333, 525909.5263, 2284926.0000, 1051895.0000, 408435.1481, 595659.6800, 926866.7273, 427841.5000, 2283418.0000, 589841.3333, 1208530.3333, 700258.5000, 628995.0952, 3584.0000, 1192905.0000, 325972.9767, 637410.5238, 4198242.3333, 6792840.5000, 245522.0000, 341570.5263, 849933.2857, 4397910.5000, 1227752.5000, 340370.3404, 104023.0853, 1383804.2857, 214928.4590, 446889.4828, 3717608.0000, 1962483.7500, 4488114.0000, 2356321.0000, 348458.2727, 1030335.1111, 414313.0000, 1020085.8333, 1321193.4000, 327997.1277, 209655.4658, 1003571.0909, 467415.6970, 384111.5000, 11143825.0000, 438635.8571, 5618328.0000, 157248.8462, 2402421.8333, 6634271.0000, 90665.5000, 1689389.2857
p17, 600981.8333, 1291.0000, 1566419.6000, 420363.5455, 6974335.5000, 131894.6529, 554683.1429, 16520.6000, 115938.1791, 106003.0092, 986759.9231, 820026.6667, 4408131.0000, 464338.2667, 1586053.0000, 3641758.0000, 138338.0500, 1635556.0000, 1592095.5714, 620054.5200, 1357898.7500, 686564.0000, 1612693.3333, 1506702.7500, 11766897.0000, 289321.2857, 3740568.0000, 242468.2308, 161626.0891, 783913.8235, 209959.9000, 186593.9775, 1689389.2857, 6435998.0000, 133540.6148, 1811816.0000, 987317.0000, 156062.9626, 1964324.6667, 2560059.1667, 1586053.0000
p18, 84415.9306, 1794.0000, 331252.9000, 1310706.4167, 88119.8750, 95491.5972, 120080.9268, 161806.1212, 3886423.0000, 102614.8846, 263048.5833, 165262.6180, 40477.7899, 193382.0282, 1296401.9091, 394491.9333, 107715.9310, 1052443.0000, 1622.0000, 42558.0000, 142429.4404, 113042.6923, 158867.7179, 773324.0000, 1378624.3333, 2837029.0000, 136361.0105, 84430.9012, 2244384.5000, 95923.7963, 381666.3125, 340323.6923, 125557.6250, 1807245.5000
p19, 179945.6712, 854.0000, 367708.0882, 2332.0000, 167847.1139, 2842.0000, 164547.0339, 219410.2586, 604766.3333, 453677.5000, 3378.0000, 2334318.2500, 154727.0375, 59145.0000, 153942.3103, 165582.3750, 101427.6563, 269551.8200, 857010.6111, 753702.0000, 258492.8846, 404441.6552, 699274.0000, 1141518.4444, 186520.6849, 261506.0465, 131937.9091, 2295020.2500, 2470.5000, 1951230.2000, 3009.0000, 384111.5000, 731043.6667, 136361.0105, 142540.6024, 1535666.7000, 189924.1385, 298395.6765, 224154.0926, 286650.0000, 1811816.0000
p20, 646133.2000, 152993.3654, 202312.7143, 144542.0952, 114217.0000, 123021.2917, 602931.3750, 754666.7500, 85849.8000, 285270.4000, 3824968.0000, 601443.3333, 1479845.5714, 256738.6296, 829070.7500, 93715.5000, 116639.5116, 202254.2449, 408535.4000, 103263.2800, 1846884.0000, 283983.4615, 1334277.4545, 374135.8214, 2508004.5000, 1629160.0000, 708155.0000, 462349.0000, 1097733.0000, 228925.0000, 399719.3600, 604529.0000, 55584.9333, 210842.7013, 4582116.0000, 943956.8667, 487953.1563, 849933.2857, 137884.8571, 640223.2500, 40477.7899, 283304.7143, 5158.0000, 304390.4242, 4067394.0000, 939154.4706, 3670320.0000, 464338.2667
p21, 574560.5882, 265120.2162, 317388.9032, 766232.7500, 192248.4615, 181117.9259, 460739.8889, 573972.2143, 495639.0000, 250388.1500, 3625148.3333, 338722.5238, 115689.6667, 1531772.8750, 42608.0000, 319047.0000, 1192481.7500, 366840.2727, 2862.0000, 2107316.5000, 3495561.5000, 381666.3125, 298395.6765, 370606.9000, 423529.8696, 349648.8857, 277779.7222
p22, 106537.7931, 1339.0000, 826452.6923, 484336.9167, 65348.2500, 166130.8235, 180537.7742, 158639.1282, 374120.6316, 233793.4821, 349454.0789, 396266.6667, 550458.5385, 162563.4103, 1799683.5714, 186805.4267, 148865.0238, 222484.8214, 60661.2899, 198815.0000, 95491.5972, 164547.0339, 65314.0860, 79482.7568, 766232.7500, 370119.1471, 234391.2917, 717206.2000
p23, 1036850.8333, 611105.0000, 1258528.1667, 1510118.2500, 7130312.0000, 2589975.0000, 12515493.0000, 2413507.5000, 11993386.0000, 12474771.0000, 7881169.0000, 396330.2414, 193372.3636, 2771708.0000, 1405571.6667, 3278804.2500, 7989945.5000, 754666.7500, 1518536.4000, 3172676.0000, 3080502.0000, 2850613.0000, 3124394.0000, 3926653.5000, 4204219.0000, 584116.8000, 13308106.0000, 1011125.1667, 2387133.0000, 595659.6800, 1007584.1667, 2158531.2857, 366366.0909, 1078849.8889, 2159054.0000, 3801868.5000, 6974335.5000
p24
p25, 96126.4118, 1634917.5000, 1039580.0000, 3360486.0000, 408674.6154, 117636.8571, 42961.0000, 538640.7500, 2247754.0000, 1341084.5000, 2867557.8000, 1699145.0000, 3066052.0000, 76366.6893, 4236599.0000, 2352340.7500, 474714.0000, 2871124.0000, 1585126.0000
p26, 723079.4000, 11673.5223, 474730.5000, 366366.0909, 137499.4857, 338567.0000, 182027.5217, 2158748.8000, 358166.9167
p27, 54325.2477, 908934.2500, 683935.8235, 2923316.0000, 7989945.5000, 247940.2174, 479738.9000, 177233.5000, 241860.6923, 76756.0519, 88505.5294, 408535.4000, 1887127.0000, 1229260.0000, 3073366.5000, 473602.5000, 62116.7368, 277.0000, 141682.2000, 1348.0000, 7253.0000, 268946.1905, 1357.5000, 38404.5000, 49384.3333, 245522.0000, 695126.7059, 315082.6000, 117697.8889, 3199971.0000, 1475849.5000, 1408.0000
p28, 524622.5000, 1914896.7500, 1092694.7273, 2197278.4286, 199217.5556, 731989.3684, 15119638.0000, 1357162.5000, 658647.5000, 3002417.0000, 4067519.0000, 2456140.6667, 1477685.2000, 87584.0214, 1518536.4000, 396266.6667, 1477936.4000, 1404934.2000, 269211.6071, 101164.2169, 1509978.8750, 177331.0465, 3039076.6000, 608649.5000, 93794.7232, 2436690.8000, 1209794.0000, 3704942.6667, 2574915.8333, 49013.0092, 903361.6471, 886646.6471, 2189656.0000, 6966052.0000, 870113.0000, 1229260.0000, 1375236.2727, 283983.4615, 1826792.2500, 3650321.6667, 981132.5000, 2423695.0000, 1095332.3571, 1226017.8333, 1046024.3125, 3232832.0000, 455695.3889, 453018.9722, 898970.9412, 535052.6316, 4012069.0000, 744270.3636, 1628760.7000, 49026.7309, 2066265.2000, 1054917.5714, 606098.3600, 78797.1831, 593031.0000, 126968.5000, 241078.1000, 532924.8710, 47679.3183, 1410159.6667, 79508.3645, 340370.3404, 1748175.7778, 2158748.8000, 51214.0164, 1296401.9091, 857010.6111, 3024492.2500, 1026249.6667, 980630.2667, 811854.0000, 166212.5455, 42111.8518, 1218429.5556, 2094087.5714, 322329.6111, 3625148.3333, 583251.5000, 103863.3141, 1090403.8333, 2986976.0000, 677167.0000, 1615917.0000, 138338.0500, 2867557.8000
p29, 46618.9142, 2956112.0000, 701593.1250, 3319000.0000, 3567361.0000, 3328489.3333, 951.0000, 4077045.0000, 1100959.5000, 605325.5000, 1290419.8000, 2291791.5000, 1362241.2000, 878442.8000, 809605.0000, 3330321.3333, 1209978.2500, 1846884.0000, 3650321.6667, 156865.0000, 703652.4000, 1900700.0000, 2272233.6667, 1871.0000, 600779.0000, 1345661.0000, 2155896.8571, 738816.3333, 3316800.0000, 1660370.0000, 2679693.0000, 4397910.5000, 640227.6957, 2276612.0000, 1617.0000, 331134.6500, 431853.0000, 1670368.2857, 3641758.0000
p30, 65344.4505, 664855.4000, 118207.3636, 1561504.0000, 65314.0860, 191757.0000, 112980.4510, 3892061.0000, 92308.5692, 244646.5862, 136916.5146, 249294.5000, 1026249.6667, 267894.5455, 91110.0000, 3645.0000, 1388547.0909, 1614.0000, 216712.9130, 106124.0968, 94184.3667, 3762978.0000, 825463.8000, 1291.0000, 84430.9012, 142540.6024, 134753.9737, 370606.9000, 327536.2821, 143712.5714, 447396.0000
p31, 418567.0000, 385294.7500, 159347.0000, 830840.6000, 1595024.6667, 735717.0000, 514142.1429, 2771708.0000, 683383.7500, 2502332.0000, 88912.5106, 1160247.5000, 49626.3091, 484250.8750, 1138996.3000, 634243.8333, 449543.2000, 177233.5000, 1681577.0000, 93715.5000, 878442.8000, 2574915.8333, 47501.7184, 116263.0465, 1986826.0000, 68609.4407, 552560.0000, 1016877.6000, 1337757.0000, 1183284.0000, 271076.6842, 1415065.2500, 603029.3333, 520487.0000, 1192905.0000, 127949.4706, 1263.0000, 534770.3000, 370709.7273, 2546.0000, 48518.4747
p32, 352141.9091, 259994.7857, 10036331.0000, 3017613.0000, 562.0000, 1208720.3333, 1579301.5000, 144844.9815, 2582390.0000, 2727540.6000, 558923.0000, 1328.0000, 552560.0000, 526257.2000, 159439.5333, 2186.0000, 277.0000, 459004.7143, 462349.0000, 1871.0000, 744270.3636, 1013.5000, 1564365.3000, 514162.6800, 15609233.0000, 485015.1429, 304534.7692, 1498409.3750, 41993.0000, 1287.0000, 1347436.8000, 142881.9279, 1447154.7500, 561643.0690, 1121983.2143, 4488114.0000, 3313173.0000, 530641.0000, 1008458.6250, 2387306.5000, 1612693.3333
p33, 252275.9286, 3893782.5000, 2416594.0000, 244691.1429, 1076930.1111, 2388968.3333, 486577.0909, 1160247.5000, 249984.3696, 1798151.0000, 1317.0000, 663686.0000, 1904.0000, 601443.3333, 605325.5000, 177331.0465, 2429846.6667, 3880157.5000, 11076240.0000, 642463.0000, 11246714.0000, 2582390.0000, 5945867.0000, 121482.8557, 271121.8000, 379071.2667, 1253115.6667, 149649.5067, 576844.2857, 589841.3333, 171069.1538, 453677.5000, 2023295.5000, 650558.5000, 154583.6053, 717.0000, 605421.0000, 2537627.2000, 408674.6154, 554683.1429
p34, 5140316.0000, 267514.6735, 532095.1667, 357538.0000, 1510870.5000, 38212.0000, 1118916.0000, 230585.2581, 170988.2500, 168898.6986, 595120.5000, 370119.1471, 296987.3000, 1261.0000, 605421.0000, 3599692.6667, 201838.3710, 5307394.5000, 91358.0000, 215843.8621, 3199971.0000, 712487.2632, 200299.2162, 198093.2500, 219596.5075, 1090403.8333, 266849.5000, 252199.7200, 764120.8333, 2289.0000, 1757975.0000, 1620994.5000, 255213.8197, 224168.6000, 178011.3939, 903584.2500, 825874.5000, 1124177.0000, 24235.0000, 90665.5000, 696660.0000, 3196939.0000, 340323.6923, 224154.0926, 327536.2821, 3997056.0000, 2844046.0000, 216453.4898, 349648.8857, 562993.5455, 598916.3333, 1586053.0000
p35, 235792.0800, 368068.6316, 206880.0000, 232551.9500, 234391.2917, 259830.2500, 364413.6250, 225570.4000, 549304.5909, 814156.5000, 385151.6757, 1615917.0000, 307608.4167, 295477.9000, 1315611.8750, 486431.6154, 448107.4615, 338327.4615, 75999.0000, 125557.6250, 286650.0000, 143712.5714, 241600.8636, 277779.7222, 562993.5455
p36, 3333914.7500, 238750.3158, 1381793.8889, 3242.0000, 370511.2973, 902224.9167, 1273.0000, 3124394.0000, 765915.5000, 153236.2667, 151533.6087, 642463.0000, 127951.0385, 463843.2143, 2192.0000, 116263.0465, 359551.5581, 1007732.6667, 2071398.3333, 1629160.0000, 1900700.0000, 566209.4000, 453018.9722, 278399.7333, 100266.9470, 3683302.5000, 514162.6800, 134578.7949, 1907240.6667, 523728.1290, 1189171.0000, 324824.6341, 6261720.0000, 492825.9394, 8625152.0000, 446889.4828, 552740.1765, 652251.4400, 3645.0000, 319019.3137, 3017221.6667, 92948.0882, 1386829.2000, 620054.5200
p37, 480063.2000, 11119.0000, 85579.1250, 464443.3077, 826452.6923, 237228.0476, 397352.5000, 2036667.0000, 402826.6486, 1093284.2308, 4067519.0000, 585546.6000, 555560.3077, 1143458.4000, 4751102.0000, 451280.8214, 1203755.1667, 724502.4000, 562175.5000, 331252.9000, 367708.0882, 664855.4000, 529899.3333, 265120.2162, 230585.2581, 368068.6316, 5725.0000
p38, 3006038.5000, 619786.6000, 92882.9693, 1963495.0000, 350687.5484, 4908128.0000, 5432862.0000, 4412057.6667, 4751102.0000, 699183.0000, 97498.4630, 2962040.0000, 1338932.1667, 4204219.0000, 758913.5714, 1301.0000, 242012.5313, 5175492.0000, 121482.8557, 2664187.6000, 173090.6598, 6092818.0000, 4203876.6667, 1337757.0000, 51291.7170, 728467.7143, 1340420.2727, 1008.0000, 7253.0000, 1116994.5455, 399719.3600, 2155896.8571, 1238689.4444, 49026.7309, 731322.9524, 1689570.1111, 951154.8750, 523728.1290, 1468917.1429, 570848.1579, 1498409.3750, 2646892.6667, 4052481.0000, 2914469.7500, 2643738.3333, 784812.3750, 334488.8824, 776090.3333, 289472.0690, 49115.1574, 822870.3333, 126804.2923, 348458.2727, 1141031.9286, 71900.6502, 1622.0000, 1141518.4444, 12101347.0000, 1614.0000, 84441.6310, 926659.9167, 63199.0352, 1900848.3750, 904918.6000, 2253.0000, 386557.0000, 608735.0417, 2388366.3333, 289321.2857, 4236599.0000
p39, 274719.0000, 597555.3333, 79723.0000, 5725.0000, 78029.0000, 717206.2000, 1807245.5000, 447396.0000, 705931.8000, 3606497.0000, 67858.8333, 598916.3333, 2178354.2500, 325130.8182
p40, 402706.5000, 1554.0000, 730743.5000, 725.0000, 2470.2500, 4402.0000, 1263.0000, 2065.7500, 980630.2667, 1832.5000, 84441.6310, 621188.6000, 1254.0000, 1807973.7500, 1600.0000, 1994020.0000
p41, 115221.3529, 150659.7500, 724502.4000, 167433.1429, 2192663.5000, 240106.0500, 148865.0238, 199803.7778, 689436.0000, 22251.0000, 1898710.0000, 154640.4444, 330021.0000, 189006.3226, 733490.5556, 278050.0980, 316552.7632, 606098.3600, 1263912.6667, 1095589.0000, 159596.8378, 947434.5000, 1287.0000, 784812.3750, 334545.4762, 1900096.5000, 329716.0556, 1002606.2000, 674792.4286, 527234.0000, 989086.0000, 633991.8750, 113042.6923, 261506.0465, 106124.0968, 149497.3750, 3812539.0000, 133113.6944, 1192481.7500, 224168.6000, 338327.4615, 597555.3333
p42, 983218.7000, 139727.1071, 382786.5000, 3017114.0000, 862050.3750, 1235747.5000, 1510118.2500, 2478378.3333, 165496.1429, 512768.6667, 2416594.0000, 428051.5806, 326638.1739, 1328983.6000, 264321.4390, 116215.1134, 1016414.0000, 908934.2500, 641669.9444, 202312.7143, 3319000.0000, 591823.2857, 731989.3684, 457614.8286, 4411834.0000, 326738.7714, 370511.2973, 2473038.6667, 627704.1111, 259994.7857, 1304689.0000, 350687.5484, 2221550.3333, 150659.7500, 1792071.0000, 343142.2857, 671347.8889, 451883.7600, 2454081.3333, 619839.1481, 204.0000, 64834.3333, 392933.7742, 829978.4375, 679469.2917, 1232609.2500, 289737.6667, 543647.2500, 1159211.5000, 532095.1667, 1566419.6000
p43, 1367360.5000, 90324.5000, 3017114.0000, 1267790.5000, 5329.0000, 2589975.0000, 1838051.0000, 677445.0000, 684082.5455, 1900525.5000, 961557.0000, 3025217.0000, 463502.0000, 2272383.0000, 658647.5000, 1135202.0000, 1490488.0000, 3017613.0000, 924446.3333, 2317301.0000, 2318547.0000, 5255789.0000, 469416.8889, 751692.0000, 1510870.5000, 299018.5000, 256940.0769
p44, 243694.2857, 1301.0000, 128215.3523, 199803.7778, 219726.0000, 488267.0000, 237228.0476, 79852.8387, 292129.9412, 166130.8235, 53773.5000, 2989955.0000, 120080.9268, 219410.2586, 191757.0000, 82103.7833, 315446.3846, 755396.8235, 389861.3333, 77260.3390, 192248.4615, 296987.3000, 210121.0164, 259830.2500, 1477936.4000, 89865.4737, 164958.1000, 1118798.2500
p45, 105561.7778, 38.0000, 464443.3077, 65348.2500, 79852.8387, 79257.1231, 220893.6364, 385060.3235, 277302.0000, 4424.0000, 150139.0556, 1477685.2000, 106766.6053, 181242.7778, 617778.6667, 2962040.0000, 129798.7810, 240106.0500, 170601.0526, 904990.5000, 890505.1667, 5035326.0000, 88119.8750, 167847.1139, 118207.3636, 689398.0000, 88937.2414, 317388.9032, 168898.6986, 232551.9500
p46, 4235892.0000, 543647.2500, 247442.3137, 137929.1250, 273198.2593, 2764767.0000, 717.0000, 4237759.0000, 1138522.2000, 601579.0000, 2546.0000, 82357.0000, 1900077.0000, 387992.7742, 583251.5000, 1900917.0000, 773959.6667, 386557.0000, 1477231.0000, 2855503.3333, 1900940.0000, 151977.3279, 408465.5333, 2507978.0000
p47, 306860.5000, 926659.9167, 350183.0000, 131656.0000, 11418895.0000, 3289.5000, 540526.7143, 434286.4615, 188000.0000, 300305.0000, 11143825.0000, 184439.1765, 148406.1600, 321968.9143, 454804.7200, 283304.7143, 37491.0000, 811854.0000, 421288.0000, 15760.0000
p48, 2853794.5000, 11394939.0000, 156963.6538, 38.0000, 1258528.1667, 252275.9286, 888624.6667, 1123216.7143, 161991.6667, 4305024.0000, 430173.8462, 2956112.0000, 199217.5556, 3155124.5000, 1896.0000, 333986.0625, 238750.3158, 598962.2500, 292940.4000, 92882.9693, 42795.0000, 1535124.0000, 1548591.5000, 93059.0000, 114068.3929, 404283.0500, 209869.5484, 252139.3125, 1554.0000, 122995.0769, 165875.0000, 4235892.0000, 1291.0000
p49, 1814267.0000, 216002.7778, 451280.8214, 14614450.0000, 129798.7810, 2421362.0000, 186805.4267, 128215.3523, 271121.8000, 1206926.5000, 164509.3253, 4105402.5000, 205699.1500, 504850.8276, 288215.3958, 64428.0000, 150410.7303, 1054917.5714, 485839.4333, 323050.2381, 430999.8000, 2643738.3333, 5855279.0000, 334545.4762, 133773.5000, 3374.0000, 29678.5000, 1041331.0000, 1922531.7500, 3187827.0000, 142429.4404, 186520.6849, 216712.9130, 142701.9462, 319047.0000, 255213.8197, 486431.6154
p50, 3079481.3333, 285752.3913, 2478378.3333, 67503.5980, 1838051.0000, 2268838.6667, 1668232.3333, 2413507.5000, 2052567.8000, 467474.5000, 3327967.5000, 1663660.2500, 683383.7500, 1204418.0000, 832811.0000, 247940.2174, 85849.8000, 2497312.0000, 4077045.0000, 1404934.2000, 1467482.1250, 2359901.6667, 765915.5000, 641036.1053, 1579301.5000, 234460.0000, 1680244.5000, 758913.5714, 57891.3359, 1132.0000, 1369156.1250, 1663874.7500, 1303.0000, 926866.7273, 103933.2867, 1418909.5000, 1596933.6250, 762724.1765, 4904606.0000
p51, 11119.0000, 38212.0000, 1891.0000, 1339.0000, 1678.0000, 1794.0000
p52, 207580.9412, 256940.0769, 564758.8889, 153056.6316, 4904606.0000, 5049855.0000, 556312.0000, 1342834.2000, 1283.0000, 1940653.0000, 495.0000, 2986976.0000, 1030412.1429, 2388366.3333, 4532526.5000, 6634271.0000, 2482075.0000, 6641504.0000, 432471.6667, 408465.5333
p53, 529865.5556, 42795.0000, 530329.0000, 2221550.3333, 189147.8286, 1170236.0000, 1670547.0000, 1696717.0000, 57891.3359, 1169688.0000, 3713462.6667, 2474321.0000, 1183284.0000, 1002412.0000, 34254.8905, 1613444.0000, 268946.1905, 1648582.3333, 604529.0000, 1633796.3333, 738816.3333, 2066265.2000, 42868.0000, 1679697.3333, 1189171.0000, 41993.0000, 409591.1364, 914923.2500, 72331.0000, 2914469.7500, 5855279.0000, 1842537.4286, 1025436.8000, 42485.0000, 1030335.1111, 77797.3593, 2060558.8000, 42558.0000, 720312.0000, 42608.0000, 1477231.0000, 1620994.5000, 583392.6000, 38318.0000, 3740568.0000
p54, 1896.0000, 270852.8667, 585546.6000, 106766.6053, 1513057.5000, 550458.5385, 89865.4737, 6709.0000, 264044.2000, 504852.3333, 323335.5455, 894556.0000, 1230239.0000, 376917.1481, 1226017.8333, 154119.2000, 1791351.0000, 485839.4333, 1263912.6667, 17870.0000, 2059159.0000, 3355.0000, 394491.9333, 753702.0000, 267894.5455, 1452733.2000, 132483.5484, 338722.5238, 266849.5000, 307608.4167
p55, 339349.6667, 204.0000, 1041331.0000, 989086.0000, 562175.5000, 890505.1667, 53773.5000, 4003598.0000, 1378624.3333, 825463.8000, 23735.0000, 4214.0000, 314064.4286, 2107316.5000, 24235.0000, 430907.6000, 75999.0000, 2059159.0000, 505791.2500, 2437273.0000
p56, 649973.1667, 355072.4773, 568721.8000, 3823375.7500, 122995.0769, 679469.2917, 7946643.0000, 1869155.3750, 6434455.0000, 116030.1232, 689398.0000, 4546452.5000, 2159054.0000, 1596933.6250, 170302.9697, 851424.1333, 154583.6053, 3112784.3333, 601091.2857, 113234.8503, 1206082.0000, 534770.3000, 62477.3244, 2167798.8571, 868919.5625, 117697.8889, 2143660.0000, 304390.4242, 331134.6500, 469506.0000, 887.0000, 42111.8518, 1452733.2000, 6146128.0000, 652773.4000, 965166.7647, 319019.3137, 1909379.0000, 631946.4286, 4151709.0000, 1008458.6250, 3779687.7500, 63199.0352, 720312.0000, 149497.3750, 243944.8261, 179389.2447, 459439.4444, 76882.4178, 391.0000, 93173.5625, 438635.8571, 443394.1622, 35974.2918, 2244384.5000, 1535666.7000, 12100949.0000, 1600.0000, 454804.7200, 482226.2000, 7391099.0000, 749447.0000, 805905.2381, 3997056.0000, 1765510.0000, 156062.9626, 2871124.0000
p57, 1206075.0000, 1214416.0000, 584116.8000, 512848.0000, 11673.5223, 182439.6667, 603935.2000, 500369.1667, 126968.5000, 232774.7143
p58, 1816426.5000, 1220045.0000, 93059.0000, 208.0000, 671347.8889, 606578.5000, 323147.5000, 488267.0000, 629709.3462, 602655.5000, 1327018.6667, 507665.5556, 56236.3333, 364469.3636, 1479697.6667, 2928470.5000, 2207579.0000, 4582116.0000, 532924.8710, 3167267.0000, 994539.5000, 3567475.0000, 664320.0667, 6261720.0000, 910649.0000, 1447154.7500, 776090.3333, 1276674.6667, 819005.5500, 328432.2000, 1470903.5000, 1474200.9091, 1020085.8333, 3796303.0000, 487059.4483, 2295020.2500, 3289.5000, 459439.4444, 1054296.1667, 2862.0000, 2666517.8000, 903584.2500, 783913.8235
p59, 3846565.5000, 1316000.3333, 641036.1053, 4835806.0000, 2678501.0000, 1097733.0000, 4012069.0000, 2646892.6667, 409591.1364, 6476951.0000, 1492570.6000, 8086567.5000, 706389.1905, 7908370.5000, 4151709.0000, 4581458.6667, 1506702.7500
p60, 636180.0556, 2897.0000, 1328983.6000, 193372.3636, 1663660.2500, 1713.0000, 162969.8421, 1615223.6667, 5023744.0000, 829070.7500, 1362241.2000, 3704942.6667, 631312.0000, 2192.0000, 2133.0000, 500369.1667, 3991346.0000, 1995506.0000, 3584.0000, 2809177.7500, 182027.5217, 635696.8000, 1206082.0000, 2722749.5000
p61, 332197.8182, 2454081.3333, 861147.0000, 726501.8889, 1303.0000, 4237993.0000, 603029.3333, 3151557.0000, 3108573.6667, 1410159.6667, 987403.0000, 602871.1250, 620688.5556, 822870.3333, 29678.5000, 405450.2500, 7083348.5000, 1470903.5000, 5098597.0000, 5098872.0000, 1760782.0000, 391.0000, 1216421.0000, 691276.2727
p62, 487903.5000, 249352.0000, 584973.5714, 1693660.6667, 1232609.2500, 154718.2653, 360729.1000, 751692.0000, 75660.6667, 110516.5047, 1776195.0000, 1693266.7500, 140471.5660, 792267.2000, 370709.7273, 930527.8000, 753503.0909, 153494.0306, 4322436.0000, 431853.0000, 1218429.5556, 2881351.0000, 222974.3714, 2675322.0000, 2420679.6667, 10866269.0000, 1900848.3750, 3003812.6000, 1828386.0000, 1216421.0000, 2938124.0000, 5618328.0000, 244780.6290, 7391099.0000, 151977.3279, 1374887.1818, 432471.6667
p63, 150894.1707, 133773.5000, 329716.0556, 1203755.1667, 170601.0526, 222484.8214, 219726.0000, 73504.0000, 158867.7179, 131937.9091, 94184.3667, 306831.7000, 172360.8529, 244465.9400, 421248.5333, 143909.9600, 366840.2727, 178011.3939, 266794.8519, 448107.4615, 79723.0000, 593031.0000, 130793.7111, 3974721.0000
p64, 1161732.3636, 2231648.0000, 1304689.0000, 1772934.0000, 924446.3333, 3864655.0000, 1765218.6667, 4677345.0000, 1680244.5000, 2571488.0000, 5945867.0000, 1052454.5455, 122831.4407, 1257.0000, 2133.0000, 1016877.6000, 747801.4000, 1953148.5714, 1804158.0000, 1348.0000, 228925.0000, 1345661.0000, 1758021.0000, 1628760.7000, 1319164.6364, 1907240.6667, 1293625.0000, 1431968.7500, 4052481.0000, 72331.0000, 1204093.0000, 3763131.0000, 2356321.0000, 641307.7778, 1458823.7500, 3779687.7500, 427655.0000, 10866269.0000, 773959.6667, 532035.3529, 1757975.0000, 1064274.1429, 76366.6893, 11766897.0000
p65, 105228.8966, 1008.0000, 205699.1500, 189006.3226, 172360.8529, 59941.1000, 220893.6364, 158639.1282, 315446.3846, 102614.8846, 153942.3103, 92308.5692, 246055.0435, 202119.2857, 183010.8438, 173486.4444, 460739.8889, 215843.8621, 175259.8065, 225570.4000, 2189656.0000, 705931.8000, 323335.5455, 158394.5405, 512996.3333
p66
p67, 3155124.5000, 232774.7143, 2629.0000, 987403.0000, 3253271.0000, 358166.9167, 716298.4545, 400978.4444, 631312.0000, 2423695.0000
p68, 8909116.0000, 489538.5385, 9319895.0000, 292129.9412, 319011.9286, 4213815.0000, 514142.1429, 290615.7333, 4682286.0000, 2159816.2857, 1273.0000, 2859879.0000, 489261.0000, 4677345.0000, 1338932.1667, 1696717.0000, 2421362.0000, 2562350.0000, 514488.0000, 726501.8889, 2108271.8000, 2842.0000, 1561504.0000, 4546452.5000, 5040255.3333
p69, 1035147.1667, 1921489.2500, 7691157.0000, 300484.0000, 396330.2414, 2380170.5000, 162969.8421, 3709908.0000, 167873.0000, 1211635.0000, 2436690.8000, 716298.4545, 1328.0000, 6092818.0000, 182439.6667, 3710251.0000, 3238009.5000, 137499.4857, 278746.8333, 153519.0000, 792267.2000, 601579.0000, 1283.0000
p70, 1333157.0000, 1729326.1250, 357947.4800, 430173.8462, 641669.9444, 215588.0000, 463502.0000, 2094454.2500, 410.0000, 2666251.5000, 1598134.5000, 314460.3333, 1904.0000, 8824238.0000, 2674995.6667, 1211635.0000, 1681577.0000, 64217.5821, 957812.1818, 1573098.4444, 88505.5294, 103263.2800, 1209978.2500, 971011.2500, 1375236.2727, 1212239.8333, 1943060.0000, 59125.9718, 2071398.3333, 741063.2143, 459004.7143, 1116994.5455, 1648582.3333, 64428.0000, 1955988.0000, 718671.2609, 2207579.0000, 1553424.7778, 1332588.1818, 341570.5263, 1485131.7000, 2096506.2857, 2143660.0000, 4322436.0000, 690152.0000, 1490679.0909, 198093.2500, 2450832.3333, 4408131.0000
p71, 159451.9239, 402826.6486, 38459.4667, 385060.3235, 233793.4821, 755396.8235, 663686.0000, 301495.3125, 183010.8438, 268882.0577, 519501.4444, 6966052.0000, 1230239.0000, 163154.1379, 2012652.3333, 288215.3958, 278050.0980, 244465.9400, 6792840.5000, 4214.0000, 165262.6180, 101427.6563, 136916.5146, 304341.0465, 495639.0000, 200299.2162, 495.0000, 549304.5909, 67858.8333
p72, 245429.7895, 1891.0000, 1093284.2308, 152191.2500, 150139.0556, 776690.0000, 349454.0789, 210121.0164, 4633637.0000, 596994.0000, 247708.3103, 175259.8065, 928165.0909, 519501.4444, 1826792.2500, 376917.1481, 401413.2500, 903960.1667, 1238689.4444, 150410.7303, 316552.7632, 266794.8519, 430907.6000, 193382.0282, 269551.8200, 249294.5000, 469506.0000, 201427.7231, 250388.1500, 219596.5075, 385151.6757, 2178354.2500
p73, 1511219.5000, 783000.6471, 382786.5000, 1217204.0000, 1267790.5000, 1699365.5000, 1077695.0000, 7130312.0000, 67503.5980, 7035510.5000, 5476759.0000, 1812544.0000, 300077.4167, 830840.6000, 436876.0000, 586357.6538, 683935.8235, 215588.0000, 144542.0952, 2249600.3333, 3567361.0000, 1357162.5000, 2051904.5714, 1889753.0000, 627444.4000, 1316000.3333, 10036331.0000, 1772934.0000, 5432862.0000, 189147.8286, 1214416.0000, 1696477.6667, 2401404.6000, 861147.0000, 525909.5263, 124402.0645, 5006797.3333, 730743.5000, 1869155.3750, 360729.1000, 357538.0000, 1116102.0714
p74, 1293902.0000, 156963.6538, 790364.6667, 1867.0000, 1235747.5000, 1077695.0000, 3632121.0000, 12515493.0000, 1668232.3333, 264275.6000, 2601823.0000, 244691.1429, 1948144.2857, 1726719.0000, 123701.1818, 735717.0000, 102826.8605, 522645.2143, 8803779.0000, 2923316.0000, 2666251.5000, 602931.3750, 980152.2000, 776690.0000, 951.0000, 87584.0214, 1513057.5000, 278426.4615, 960417.0000, 902224.9167, 1871135.3333, 958459.2500, 1190326.0000, 1208720.3333, 1765218.6667, 97498.4630, 1670547.0000, 2192663.5000, 120904.4516, 323147.5000, 268957.5556, 97023.0429, 260861.9808, 408435.1481, 874479.0667, 98154.8209, 2332.0000, 725.0000, 773069.3333, 116030.1232, 1776195.0000, 182721.8889, 595120.5000, 1197915.6250, 1485.0000, 420363.5455, 1039580.0000
p75, 2765125.5000, 807980.2500, 428051.5806, 1812544.0000, 5352054.0000, 1948144.2857, 11993386.0000, 2052567.8000, 2523.0000, 145949.2841, 2388968.3333, 1522801.4444, 49626.3091, 652118.9524, 655333.5500, 33255.0000, 8824238.0000, 1479845.5714, 1290419.8000, 1981178.3333, 608649.5000, 61304.3604, 127951.0385, 2727540.6000, 138352.9341, 1052454.5455, 2664187.6000, 3713462.6667, 22251.0000, 3821.2500, 633943.6500, 1327018.6667, 1284055.1111, 4237993.0000, 1458062.0000, 1208530.3333, 565848.8095, 834984.5000, 3378.0000, 300305.0000, 601091.2857, 4746461.0000, 4237759.0000, 114225.6518, 15857.0000, 16520.6000
p76, 598962.2500, 825245.2667, 2473038.6667, 1143458.4000, 1871135.3333, 617778.6667, 1799683.5714, 1118798.2500, 835974.8333, 11076240.0000, 731143.5000, 297289.4000, 554408.3929, 3765821.0000, 512996.3333, 2240576.0000, 473602.5000, 2012652.3333, 2508004.5000, 903960.1667, 898970.9412, 1791351.0000, 716638.7059, 15609233.0000, 1468917.1429, 42868.0000, 430999.8000, 947434.5000, 3974721.0000, 2597636.0000, 1253802.0000, 664320.0667, 816634.8125, 488564.9000, 2437273.0000, 3717608.0000, 1272290.5000, 1052443.0000, 404441.6552, 1388547.0909, 15760.0000, 1909379.0000, 395003.7667, 2675322.0000, 1531772.8750, 1900917.0000, 764120.8333, 1315611.8750, 1357898.7500
p77, 671596.0000, 1246896.2308, 389934.2250, 1159211.5000, 2824126.0000, 1116102.0714, 299018.5000, 1429172.1818, 1671051.6667, 1197915.6250, 5040255.3333, 3801868.5000, 762724.1765, 71255.4000, 155519.5566, 2537627.2000, 6085413.5000, 114225.6518, 953931.3529, 2722749.5000, 48518.4747, 982787.9412, 943250.8750, 1122304.3571, 1475849.5000, 1490679.0909, 939154.4706, 3931901.5000, 1670368.2857, 103863.3141, 521264.5000, 75124.4348, 758586.1818, 92948.0882, 135935.2252, 2387306.5000, 4581458.6667, 532035.3529, 608735.0417, 583392.6000, 1206730.3333, 2666517.8000, 539082.9032, 2406895.1429, 691276.2727, 3235092.2000, 2402421.8333, 229663.7887, 3099289.6000, 1994020.0000, 804411.0000, 805905.2381, 1374887.1818, 4228885.0000, 2507978.0000, 136012.0000, 2560059.1667, 1585126.0000
p78, 4305024.0000, 253026.3600, 2036667.0000, 763169.0000, 277302.0000, 374120.6316, 389861.3333, 397998.6667, 4304724.0000, 202119.2857, 268882.0577, 928165.0909, 870113.0000, 894556.0000, 526570.5000, 2240576.0000, 504850.8276, 733490.5556, 421248.5333, 263048.5833, 165582.3750, 244646.5862, 214274.7692, 573972.2143, 712487.2632, 814156.5000, 3606497.0000
p79, 1122399.1429, 145570.8627, 627704.1111, 769678.0000, 1768511.0000, 299522.0000, 1190326.0000, 489261.0000, 3926653.5000, 234460.0000, 3397026.6667, 117251.4607, 11246714.0000, 1200343.0000, 138352.9341, 1013210.0000, 68609.4407, 473898.0000, 723352.1000, 524554.0000, 141682.2000, 741063.2143, 708155.0000, 1565154.0000, 600779.0000, 535052.6316, 2168.0000, 78878.6554, 427770.0000, 134578.7949, 304534.7692, 1431968.7500, 570848.1579, 914923.2500, 1793511.5000, 663080.1818, 910649.0000, 1401423.5000, 620688.5556, 1216831.0000, 1962483.7500, 780898.6471, 2803481.2500, 631946.4286, 2420679.6667, 664890.0000, 135935.2252, 2289.0000, 209155.0000, 686564.0000, 3066052.0000
p80, 1312301.4545, 245493.4000, 1548591.5000, 1440.0000, 343142.2857, 1298912.0000, 1696477.6667, 2317301.0000, 3364972.0000, 2114713.5000, 268957.5556, 2562350.0000, 13308106.0000, 60661.2899, 1369156.1250, 40676.4336, 1220678.6923, 1253115.6667, 633943.6500, 868833.0000, 61289.7871, 271076.6842, 117051.4341, 62986.6988, 1682024.7500, 1357.5000, 718671.2609, 210842.7013, 1639241.5000, 3316800.0000, 241078.1000, 2629.0000, 427700.0541, 530663.3846, 1253802.0000, 324824.6341, 663080.1818, 142881.9279, 6476951.0000, 289472.0690, 1842537.4286, 1002606.2000, 85032.3125, 819005.5500, 248357.4412, 7083348.5000, 164595.7843, 1321193.4000, 767926.6818, 107732.5282, 773324.0000, 2470.5000, 11418895.0000, 2934301.0000, 179389.2447, 3003812.6000, 1699587.1667, 539082.9032, 825874.5000, 161626.0891
p81, 11394939.0000, 675514.5000, 113223.1188, 5329.0000, 103153.5041, 85579.1250, 9319895.0000, 484336.9167, 2508321.8000, 5352054.0000, 1626073.4286, 300484.0000, 1337153.9091, 3122053.0000, 1795574.0000, 59941.1000, 176215.0857, 763169.0000, 38459.4667, 410.0000, 123021.2917, 152191.2500, 2456140.6667, 80250.8333, 299522.0000, 699183.0000, 14614450.0000, 167433.1429, 2114713.5000, 4310415.0000, 7101790.0000, 1051895.0000, 1310706.4167, 110516.5047, 273198.2593, 170988.2500, 153056.6316, 1671051.6667, 3540533.0000, 206880.0000, 78029.0000
p82, 1769493.0000, 1694783.3750, 860316.0000, 1519979.5000, 888624.6667, 326638.1739, 1800142.0000, 300077.4167, 684082.5455, 1905385.0000, 1626073.4286, 123701.1818, 4213815.0000, 7881169.0000, 3327967.5000, 67285.1674, 3027258.5000, 486577.0909, 1522801.4444, 2380170.5000, 484250.8750, 94568.7638, 1085502.6000, 2072852.2857, 479738.9000, 2674995.6667, 256738.6296, 1122873.4000, 2291791.5000, 596994.0000, 93794.7232, 3253271.0000, 6709.0000, 1085411.1429, 334635.5000, 731143.5000, 463843.2143, 1013210.0000, 558923.0000, 4835806.0000, 1257.0000, 173090.6598, 2474321.0000, 1206926.5000, 147636.6800, 1898710.0000, 61289.7871, 507665.5556, 174685.1563, 159751.8462, 628995.0952, 524860.8214, 87606.0538, 2334318.2500, 4402.0000, 184439.1765, 813920.5000, 113234.8503, 140471.5660, 577762.6000, 1138522.2000, 953931.3529, 1342834.2000, 3599692.6667, 115938.1791, 42961.0000
p83, 99995.6271, 397352.5000, 1337153.9091, 79257.1231, 180537.7742, 82103.7833, 246055.0435, 397998.6667, 301495.3125, 247708.3103, 1209794.0000, 264044.2000, 140141.5000, 297289.4000, 4203876.6667, 164509.3253, 154640.4444, 306831.7000, 56236.3333, 2839.0000, 23735.0000, 161806.1212, 154727.0375, 112980.4510, 94675.3462, 181117.9259, 201838.3710, 364413.6250
p84, 1566683.2857, 559586.8333, 205659.8636, 116215.1134, 4350689.0000, 586357.6538, 961557.0000, 429504.1053, 1795574.0000, 522645.2143, 4682286.0000, 3278804.2500, 832811.0000, 92937.3000, 168143.7843, 1798151.0000, 655333.5500, 2848482.5000, 1085502.6000, 5023744.0000, 634243.8333, 723608.2500, 291488.1429, 76756.0519, 64217.5821, 116639.5116, 3330321.3333, 602014.7500, 903361.6471, 1790038.0000, 377437.8636, 54610.3719, 1007732.6667, 3765821.0000, 723352.1000, 159439.5333, 1953148.5714, 728467.7143, 34254.8905, 193415.0625, 117051.4341, 1479697.6667, 1270556.3636, 637410.5238, 1195226.0000, 950858.5000, 2167798.8571, 753503.0909, 3111415.5000, 1900077.0000, 943250.8750, 91358.0000, 139000.3333, 986759.9231, 2247754.0000
p85, 3611.0000, 1653002.7143, 3843543.0000, 252139.3125, 829978.4375, 13991595.0000, 5006797.3333, 2694765.0000, 98154.8209, 5035326.0000, 2158531.2857, 1418909.5000, 2989955.0000, 65445.0643, 171069.1538, 834984.5000, 87606.0538, 3238009.5000, 62138.1660, 950858.5000, 10975326.0000, 315082.6000, 2096506.2857, 640223.2500, 2276612.0000, 1179008.1538, 51214.0164, 2952788.2000, 3355.0000, 923710.6471, 652251.4400, 1272290.5000, 2803481.2500, 530641.0000, 7908370.5000, 1458823.7500, 71900.6502, 2060558.8000, 3187827.0000, 633991.8750, 185557.2982, 487059.4483, 107732.5282, 84470.1649, 128155.0551, 467415.6970, 4003598.0000, 2332262.1667, 2837029.0000, 731043.6667, 1807973.7500, 148406.1600, 6010.0000, 35974.2918, 491205.7727, 3495561.5000, 1900940.0000, 3099289.6000, 6641504.0000, 3196939.0000, 1470138.2000, 133540.6148
p86
p87, 1571576.0000, 1340887.0000, 591823.2857, 2249600.3333, 2272383.0000, 1621.0000, 4424.0000, 980152.2000, 2497312.0000, 1981178.3333, 1122873.4000, 1830251.0000, 602014.7500, 1887127.0000, 971011.2500, 981132.5000, 2769616.0000, 566209.4000, 1565154.0000, 1758021.0000, 1633796.3333, 1639241.5000, 1310365.6667, 1227752.5000, 1224348.0000, 1179008.1538, 887.0000, 3931901.5000, 1586053.0000, 1341084.5000
p88, 254853.0000, 2530338.5000, 245937.7429, 292940.4000, 326738.7714, 7244567.0000, 627444.4000, 1490488.0000, 776710.3333, 958459.2500, 2859879.0000, 2850613.0000, 2359901.6667, 741225.0909, 983983.0000, 3880157.5000, 334635.5000, 1986826.0000, 54610.3719, 383205.1379, 1855287.0000, 62116.7368, 59125.9718, 374135.8214, 2769616.0000, 2272233.6667, 455695.3889, 941587.8889, 1333996.2857, 3683302.5000, 427770.0000, 485015.1429, 1293625.0000, 951154.8750, 1679697.3333, 776760.6923, 530663.3846, 3567475.0000, 712484.3684, 764686.2500, 214928.4590, 356119.5714, 923710.6471, 699274.0000, 1832.5000, 164575.0000, 965166.7647, 222974.3714, 345527.5556, 758586.1818, 1030412.1429, 6938103.0000, 1592095.5714
p89, 7258445.0000, 1064274.1429, 38318.0000, 78145.5000, 3540533.0000, 1485.0000, 2446058.6667, 2450592.0000, 15857.0000, 3676003.5000, 1470138.2000, 1838632.2500, 139000.3333, 1408.0000, 2450832.3333, 3670320.0000, 1765510.0000, 136012.0000, 677167.0000, 989371.2857, 1386829.2000, 6938103.0000, 209155.0000
p90, 677989.4000, 670773.0000, 405234.7419, 457614.8286, 1889753.0000, 1521277.8000, 960417.0000, 2159816.2857, 3080502.0000, 1467482.1250, 1454735.0000, 84552.6684, 2429846.6667, 61304.3604, 4722390.3333, 1085411.1429, 47501.7184, 632409.5000, 377437.8636, 1033911.3750, 3073366.5000, 1943060.0000, 1334277.4545, 703652.4000, 1046024.3125, 1903235.0000, 1333996.2857, 100266.9470, 78878.6554, 1564365.3000, 1319164.6364, 1689570.1111, 1095589.0000, 2299441.3333, 427700.0541, 994539.5000, 2171324.0000, 602871.1250, 3759343.2500, 1383804.2857, 393051.2162, 421288.0000, 652773.4000, 2881351.0000, 2543784.7500, 75124.4348, 989371.2857, 1699145.0000
p91, 170809.3333, 165875.0000, 529899.3333, 88937.2414, 79482.7568, 77260.3390, 94675.3462, 330419.0000, 173486.4444, 304341.0465, 214274.7692, 201427.7231, 2094087.5714, 132483.5484, 185870.1429, 395003.7667, 2253.0000, 142701.9462, 133113.6944, 143909.9600, 1054296.1667, 2604622.0000, 314064.4286, 95923.7963, 189924.1385, 134753.9737, 423529.8696, 216453.4898, 241600.8636
p92, 81633.5000, 677445.0000, 1726719.0000, 12474771.0000, 467474.5000, 822429.2500, 2848482.5000, 3039076.6000, 4722390.3333, 1200343.0000, 122831.4407, 868833.0000, 2670641.0000, 700258.5000, 3112784.3333, 6085413.5000, 117636.8571
p93, 1974714.0000, 161991.6667, 1603735.4000, 1016414.0000, 158801.0000, 3025217.0000, 118609.4091, 176215.0857, 8803779.0000, 1469254.4000, 71608.7014, 1317.0000, 33255.0000, 2072852.2857, 167873.0000, 449543.2000, 291488.1429, 783151.1667, 1573098.4444, 886646.6471, 587.0000, 1033911.3750, 1855287.0000, 524554.0000, 2186.0000, 1804158.0000, 1340420.2727, 1613444.0000, 1682024.7500, 2928470.5000, 943223.0000, 3108573.6667, 2126429.8000, 4198242.3333, 402974.6667, 10975326.0000, 153494.0306, 868919.5625, 387992.7742, 1122304.3571, 1940653.0000, 820026.6667
p94, 1138523.4545, 1600353.0000, 114068.3929, 451883.7600, 3128744.8000, 2401404.6000, 2318547.0000, 5228884.0000, 4310415.0000, 97023.0429, 514488.0000, 1011125.1667, 1663874.7500, 219142.0909, 4114565.0000, 149649.5067, 1284055.1111, 2670641.0000, 174685.1563, 3710251.0000, 3991346.0000, 1415065.2500, 60578.8407, 1270556.3636, 943223.0000, 38404.5000, 1553424.7778, 943956.8667, 1660370.0000, 1310365.6667, 47679.3183, 844014.9444, 2171324.0000, 712484.3684, 492825.9394, 816634.8125, 1401423.5000, 561643.0690, 1492570.6000, 1204093.0000, 49115.1574, 1025436.8000, 3374.0000, 195625.9818, 674792.4286, 248357.4412, 328432.2000, 5098597.0000, 166179.6900, 327997.1277, 2183752.2857, 84470.1649, 1951230.2000, 5435276.0000, 621188.6000, 540526.7143, 1901560.3333, 76882.4178, 1828386.0000, 556863.2778, 2406895.1429, 4532526.5000, 1124177.0000, 209959.9000, 2352340.7500
p95, 1672043.1250, 1476648.0000, 906531.6250, 1123216.7143, 1383362.0000, 264321.4390, 436876.0000, 1900525.5000, 1212507.3333, 3122053.0000, 102826.8605, 290615.7333, 1405571.6667, 1204418.0000, 45884.6974, 293336.1786, 249984.3696, 822429.2500, 652118.9524, 94568.7638, 3709908.0000, 1615223.6667, 1138996.3000, 723608.2500, 783151.1667, 241860.6923, 4304724.0000, 957812.1818, 202254.2449, 1830251.0000, 809605.0000, 49013.0092, 504852.3333, 1034334.1429, 632409.5000, 40880.0000, 383205.1379, 554408.3929, 359551.5581, 473898.0000, 526257.2000, 2678501.0000, 747801.4000, 51291.7170, 1002412.0000, 4105402.5000, 330021.0000, 100486.1101, 364469.3636, 62986.6988, 60578.8407, 3151557.0000, 94760.9595, 325972.9767, 824845.0000, 62138.1660, 3886423.0000, 59145.0000, 3892061.0000, 2065.7500, 321968.9143, 302019.5000, 62477.3244, 930527.8000, 273427.6750, 330419.0000, 82357.0000, 982787.9412, 5307394.5000, 1838632.2500, 106003.0092, 538640.7500
p96, 468597.5000, 2101042.3333, 1551724.6667, 862050.3750, 106728.4577, 1699365.5000, 103153.5041, 3632121.0000, 2268838.6667, 897225.4000, 1905385.0000, 7691157.0000, 1595024.6667, 1212507.3333, 429504.1053, 118609.4091, 2094454.2500, 114217.0000, 3328489.3333, 1621.0000, 3002417.0000, 1521277.8000, 776710.3333, 1768511.0000, 562.0000, 3864655.0000, 4412057.6667, 1170236.0000, 3364972.0000, 5228884.0000, 2284926.0000, 817025.0588, 2694765.0000, 474730.5000, 6434455.0000, 75660.6667, 137929.1250, 1429172.1818, 564758.8889, 1118916.0000, 78145.5000
