# Scenario Collect_Data
# distance at msg send, delivery time, hop count, MSG_ID
1689.0655| 2270.0000| 2| M153
1988.1547| 1197.0000| 3| M188
1481.8279| 5912.0000| 5| M66
1904.8121| 2129.0000| 2| M181
174.4683| 427.0000| 1| M236
214.4111| 1.0000| 1| M250
2968.6440| 4400.0000| 1| M127
2259.5760| 6314.0000| 5| M85
1367.0405| 3734.0000| 1| M240
2019.1210| 2.0000| 1| M401
2097.8334| 2.0000| 1| M410
2361.9359| 2673.0000| 3| M372
1932.6709| 5569.0000| 2| M290
703.3111| 11900.0000| 6| M110
1182.2037| 12631.0000| 5| M90
1780.3001| 10638.0000| 5| M159
1519.7621| 2157.0000| 3| M412
2518.3736| 2096.0000| 3| M416
1387.6437| 1623.0000| 3| M452
1390.5870| 953.0000| 3| M495
1822.7103| 3.0000| 1| M555
2298.9578| 12552.0000| 8| M220
170.0449| 2303.0000| 5| M533
1647.6651| 1354.0000| 3| M566
1933.8949| 2541.0000| 2| M531
2230.2807| 8.0000| 4| M609
1450.7827| 5744.0000| 4| M453
1578.1495| 4.0000| 3| M626
1044.1162| 8417.0000| 3| M383
1120.9970| 7830.0000| 4| M400
998.0751| 75.0000| 7| M642
2381.8665| 11.0000| 7| M645
2797.8090| 4460.0000| 5| M519
2985.2465| 1.0000| 1| M672
2349.9414| 3184.0000| 5| M592
3200.7462| 4.0000| 2| M722
1289.8687| 58.0000| 5| M748
517.4925| 16351.0000| 3| M296
59.5692| 5.0000| 2| M807
1160.2083| 13952.0000| 6| M491
292.4612| 8768.0000| 3| M673
1272.0918| 7196.0000| 3| M719
1801.4839| 3868.0000| 4| M816
743.6094| 15417.0000| 2| M481
2401.8386| -1.0000| -1| M1932
1222.1270| -1.0000| -1| M1933
1062.6449| -1.0000| -1| M1934
1723.9738| -1.0000| -1| M1935
399.4682| -1.0000| -1| M1930
676.3839| -1.0000| -1| M1931
913.5202| -1.0000| -1| M1936
1163.2829| -1.0000| -1| M1937
2903.0125| -1.0000| -1| M1938
1432.2285| -1.0000| -1| M1939
1172.6595| -1.0000| -1| M1943
2125.3630| -1.0000| -1| M1944
1677.9139| -1.0000| -1| M1945
1022.4754| -1.0000| -1| M1946
1144.9158| -1.0000| -1| M1940
1135.2518| -1.0000| -1| M1941
1576.7576| -1.0000| -1| M1942
2949.4240| -1.0000| -1| M1947
2095.7434| -1.0000| -1| M1948
1715.2241| -1.0000| -1| M1949
2158.6039| -1.0000| -1| M1910
1057.8043| -1.0000| -1| M1911
675.0088| -1.0000| -1| M1912
1955.0886| -1.0000| -1| M1913
2700.6003| -1.0000| -1| M1918
2064.1534| -1.0000| -1| M1919
1014.1524| -1.0000| -1| M1914
1807.5849| -1.0000| -1| M1915
1367.7696| -1.0000| -1| M1916
2354.1239| -1.0000| -1| M1917
1410.1592| -1.0000| -1| M1921
2582.8817| -1.0000| -1| M1922
1856.2953| -1.0000| -1| M1923
2091.6117| -1.0000| -1| M1924
1339.6849| -1.0000| -1| M1920
656.7804| -1.0000| -1| M1929
3327.1767| -1.0000| -1| M1925
1485.1256| -1.0000| -1| M1926
2023.8118| -1.0000| -1| M1927
782.7084| -1.0000| -1| M1928
2654.0614| -1.0000| -1| M1976
1929.6437| -1.0000| -1| M1977
1609.6091| -1.0000| -1| M1978
1252.0550| -1.0000| -1| M1979
2005.1166| -1.0000| -1| M1972
622.8773| -1.0000| -1| M1973
1486.2642| -1.0000| -1| M1974
1595.2220| -1.0000| -1| M1975
3099.9966| -1.0000| -1| M1970
981.4991| -1.0000| -1| M1971
1619.8594| -1.0000| -1| M1503
1331.7494| -1.0000| -1| M1987
1409.6593| -1.0000| -1| M1504
3294.6227| -1.0000| -1| M1988
261.8118| -1.0000| -1| M1505
2665.3992| -1.0000| -1| M1989
458.3490| -1.0000| -1| M1506
1951.2433| -1.0000| -1| M1983
810.1876| -1.0000| -1| M1500
332.3705| -1.0000| -1| M1984
1108.6814| -1.0000| -1| M1501
1186.3956| -1.0000| -1| M1985
724.9952| -1.0000| -1| M1502
1570.9503| -1.0000| -1| M1986
2193.2782| -1.0000| -1| M1507
795.7217| -1.0000| -1| M1508
1537.1351| -1.0000| -1| M1509
576.5053| -1.0000| -1| M1980
2092.0428| -1.0000| -1| M1981
1023.3694| -1.0000| -1| M1982
1784.4786| -1.0000| -1| M1954
2686.6188| -1.0000| -1| M1955
783.6584| -1.0000| -1| M1956
1253.3654| -1.0000| -1| M1957
965.9337| -1.0000| -1| M1950
2786.6470| -1.0000| -1| M1951
1066.7222| -1.0000| -1| M1952
795.0911| -1.0000| -1| M1953
397.0038| -1.0000| -1| M1958
3171.8035| -1.0000| -1| M1959
2269.6623| -1.0000| -1| M1965
2533.7869| -1.0000| -1| M1966
1378.2157| -1.0000| -1| M1967
2887.4680| -1.0000| -1| M1968
1238.1188| -1.0000| -1| M1961
2244.0717| -1.0000| -1| M1962
2660.2210| -1.0000| -1| M1963
1972.2236| -1.0000| -1| M1964
187.6303| -1.0000| -1| M1969
1067.0975| -1.0000| -1| M1960
2333.2493| -1.0000| -1| M1536
1082.3840| -1.0000| -1| M1537
1295.2595| -1.0000| -1| M1538
527.1755| -1.0000| -1| M1539
1014.5966| -1.0000| -1| M1532
349.8666| -1.0000| -1| M1533
54.5166| -1.0000| -1| M1534
3486.1778| -1.0000| -1| M1535
3356.6197| -1.0000| -1| M1530
2093.3600| -1.0000| -1| M1531
1982.8976| -1.0000| -1| M1547
2787.3155| -1.0000| -1| M1548
2859.9685| -1.0000| -1| M1549
1100.4377| -1.0000| -1| M1543
1121.8419| -1.0000| -1| M1544
2043.8820| -1.0000| -1| M1545
674.5476| -1.0000| -1| M1546
1048.7519| -1.0000| -1| M1540
457.3575| -1.0000| -1| M1541
1148.3822| -1.0000| -1| M1542
1015.9255| -1.0000| -1| M1514
1590.5212| -1.0000| -1| M1998
1732.3677| -1.0000| -1| M1515
1895.5084| -1.0000| -1| M1999
1947.2058| -1.0000| -1| M1516
1011.6012| -1.0000| -1| M1517
596.4610| -1.0000| -1| M1510
1112.0904| -1.0000| -1| M1994
2047.1388| -1.0000| -1| M1511
3248.6350| -1.0000| -1| M1995
561.3263| -1.0000| -1| M1512
1961.5535| -1.0000| -1| M1996
1605.1117| -1.0000| -1| M1513
910.1675| -1.0000| -1| M1997
1536.7913| -1.0000| -1| M613
1487.6177| -1.0000| -1| M612
2117.8518| -1.0000| -1| M611
2502.7704| -1.0000| -1| M610
283.3672| -1.0000| -1| M617
1908.9565| -1.0000| -1| M1518
1902.8242| -1.0000| -1| M616
1656.8550| -1.0000| -1| M1519
1783.5779| -1.0000| -1| M615
550.0280| -1.0000| -1| M614
599.0318| -1.0000| -1| M619
898.2567| -1.0000| -1| M618
2517.2268| -1.0000| -1| M1990
872.3515| -1.0000| -1| M1991
1579.6200| -1.0000| -1| M1992
1900.0882| -1.0000| -1| M1993
1233.9830| -1.0000| -1| M1525
1036.5737| -1.0000| -1| M1526
1703.0271| -1.0000| -1| M1527
1850.1708| -1.0000| -1| M1528
1385.5540| -1.0000| -1| M1521
1493.7348| -1.0000| -1| M1522
2281.2716| -1.0000| -1| M1523
1520.5310| -1.0000| -1| M1524
2315.7556| -1.0000| -1| M602
2487.4567| -1.0000| -1| M601
2532.4328| -1.0000| -1| M600
1830.9062| -1.0000| -1| M606
1311.7712| -1.0000| -1| M1529
1394.5483| -1.0000| -1| M605
1724.3434| -1.0000| -1| M604
1601.5856| -1.0000| -1| M603
1064.8534| -1.0000| -1| M608
1298.0439| -1.0000| -1| M607
1074.4748| -1.0000| -1| M1520
601.9455| -1.0000| -1| M2427
1808.4664| -1.0000| -1| M2428
1959.4212| -1.0000| -1| M2429
728.6484| -1.0000| -1| M631
907.5327| -1.0000| -1| M1576
3375.7747| -1.0000| -1| M2423
1251.7317| -1.0000| -1| M630
928.9977| -1.0000| -1| M1577
1959.9746| -1.0000| -1| M2424
2265.8156| -1.0000| -1| M1578
3065.9773| -1.0000| -1| M2425
855.1492| -1.0000| -1| M1579
664.1253| -1.0000| -1| M2426
2503.8602| -1.0000| -1| M635
1880.3787| -1.0000| -1| M634
450.6262| -1.0000| -1| M633
1872.4783| -1.0000| -1| M632
1702.1580| -1.0000| -1| M639
1482.8967| -1.0000| -1| M638
1313.2782| -1.0000| -1| M637
326.3068| -1.0000| -1| M636
1722.7058| -1.0000| -1| M1572
1947.9090| -1.0000| -1| M1573
325.1128| -1.0000| -1| M2420
2070.0919| -1.0000| -1| M1574
1539.7409| -1.0000| -1| M2421
2648.0714| -1.0000| -1| M1575
588.0690| -1.0000| -1| M2422
970.6888| -1.0000| -1| M1570
999.5582| -1.0000| -1| M1571
3533.6086| -1.0000| -1| M1107
1539.8955| -1.0000| -1| M2438
1691.3463| -1.0000| -1| M1108
2155.6638| -1.0000| -1| M2439
1405.7260| -1.0000| -1| M1109
1190.4464| -1.0000| -1| M620
2061.0145| -1.0000| -1| M1103
2709.1899| -1.0000| -1| M1587
1380.6052| -1.0000| -1| M2434
889.6990| -1.0000| -1| M1104
1806.7258| -1.0000| -1| M1588
960.1249| -1.0000| -1| M2435
1097.6809| -1.0000| -1| M1105
1144.4156| -1.0000| -1| M1589
1420.8487| -1.0000| -1| M2436
36.8931| -1.0000| -1| M1106
2603.6637| -1.0000| -1| M2437
1787.4770| -1.0000| -1| M624
2827.2492| -1.0000| -1| M623
2304.4640| -1.0000| -1| M622
2311.4754| -1.0000| -1| M621
2850.8734| -1.0000| -1| M628
1326.3768| -1.0000| -1| M627
759.4796| -1.0000| -1| M625
1686.3889| -1.0000| -1| M629
2751.2005| -1.0000| -1| M1583
1796.4252| -1.0000| -1| M2430
375.6892| -1.0000| -1| M1100
1065.7968| -1.0000| -1| M1584
2539.9111| -1.0000| -1| M2431
2043.7034| -1.0000| -1| M1101
1833.7265| -1.0000| -1| M1585
1433.2626| -1.0000| -1| M2432
2306.7764| -1.0000| -1| M1102
607.6838| -1.0000| -1| M1586
391.6006| -1.0000| -1| M2433
832.9261| -1.0000| -1| M1580
1765.8359| -1.0000| -1| M1581
1569.7687| -1.0000| -1| M1582
3304.3513| -1.0000| -1| M1558
812.7758| -1.0000| -1| M2405
875.2559| -1.0000| -1| M1559
2516.4007| -1.0000| -1| M2406
2559.2220| -1.0000| -1| M2407
2271.1721| -1.0000| -1| M2408
958.5748| -1.0000| -1| M653
1864.6128| -1.0000| -1| M1554
2020.0045| -1.0000| -1| M2401
224.2551| -1.0000| -1| M652
1979.2888| -1.0000| -1| M1555
3386.2588| -1.0000| -1| M2402
2533.5780| -1.0000| -1| M651
1892.7833| -1.0000| -1| M1556
2548.6425| -1.0000| -1| M2403
705.9422| -1.0000| -1| M650
204.3924| -1.0000| -1| M1557
439.2087| -1.0000| -1| M2404
381.2877| -1.0000| -1| M657
2787.8488| -1.0000| -1| M656
1133.4630| -1.0000| -1| M655
1730.4799| -1.0000| -1| M654
196.1413| -1.0000| -1| M2409
1698.6894| -1.0000| -1| M659
2124.6042| -1.0000| -1| M658
786.7749| -1.0000| -1| M1550
699.5043| -1.0000| -1| M1551
2545.8750| -1.0000| -1| M1552
961.0944| -1.0000| -1| M1553
1620.3378| -1.0000| -1| M2400
1131.9409| -1.0000| -1| M1569
2510.5150| -1.0000| -1| M2416
274.1201| -1.0000| -1| M2417
2095.1930| -1.0000| -1| M2418
1138.0962| -1.0000| -1| M2419
2271.1809| -1.0000| -1| M1565
2278.9331| -1.0000| -1| M2412
1125.8392| -1.0000| -1| M641
2801.9102| -1.0000| -1| M1566
3648.7366| -1.0000| -1| M2413
804.8287| -1.0000| -1| M640
126.1940| -1.0000| -1| M1567
986.4033| -1.0000| -1| M2414
1857.8763| -1.0000| -1| M1568
877.1781| -1.0000| -1| M2415
2680.7779| -1.0000| -1| M646
2336.9877| -1.0000| -1| M644
1356.8114| -1.0000| -1| M643
2354.8605| -1.0000| -1| M649
2047.8767| -1.0000| -1| M648
619.4295| -1.0000| -1| M647
2477.0951| -1.0000| -1| M1561
1214.0528| -1.0000| -1| M1562
1972.4563| -1.0000| -1| M1563
542.6541| -1.0000| -1| M2410
2629.5906| -1.0000| -1| M1564
166.5000| -1.0000| -1| M2411
388.0263| -1.0000| -1| M1560
1647.6236| -1.0000| -1| M671
625.7152| -1.0000| -1| M670
1528.7346| -1.0000| -1| M675
2691.2803| -1.0000| -1| M1136
548.3481| -1.0000| -1| M2467
608.2410| -1.0000| -1| M674
3376.3813| -1.0000| -1| M1137
632.1741| -1.0000| -1| M2468
537.8368| -1.0000| -1| M1138
1871.5161| -1.0000| -1| M2469
1527.0099| -1.0000| -1| M1139
2148.0609| -1.0000| -1| M679
899.7706| -1.0000| -1| M678
2849.1787| -1.0000| -1| M677
1346.0277| -1.0000| -1| M676
1805.0925| -1.0000| -1| M1132
859.1973| -1.0000| -1| M2463
2890.3752| -1.0000| -1| M1133
375.7002| -1.0000| -1| M2464
1286.8257| -1.0000| -1| M1134
2867.7494| -1.0000| -1| M2465
1872.4013| -1.0000| -1| M1135
1538.9190| -1.0000| -1| M2466
1004.4581| -1.0000| -1| M2460
2112.7850| -1.0000| -1| M1130
2311.3762| -1.0000| -1| M2461
2665.4245| -1.0000| -1| M1131
2477.4459| -1.0000| -1| M2462
412.7515| -1.0000| -1| M660
396.2459| -1.0000| -1| M664
1669.3872| -1.0000| -1| M1147
1319.0517| -1.0000| -1| M2478
1878.2388| -1.0000| -1| M663
2902.7302| -1.0000| -1| M1148
2132.2411| -1.0000| -1| M2479
2021.4988| -1.0000| -1| M662
588.2559| -1.0000| -1| M1149
731.9718| -1.0000| -1| M661
2690.7022| -1.0000| -1| M668
1443.3907| -1.0000| -1| M667
1113.2946| -1.0000| -1| M666
1042.7582| -1.0000| -1| M665
2102.1665| -1.0000| -1| M669
578.9243| -1.0000| -1| M1143
334.5161| -1.0000| -1| M2474
1131.6174| -1.0000| -1| M1144
2269.4138| -1.0000| -1| M2475
1224.8973| -1.0000| -1| M1145
2603.4725| -1.0000| -1| M2476
951.1186| -1.0000| -1| M1146
2994.4663| -1.0000| -1| M2477
1853.8326| -1.0000| -1| M2470
3198.7387| -1.0000| -1| M1140
1472.4390| -1.0000| -1| M2471
1895.7650| -1.0000| -1| M1141
1389.8762| -1.0000| -1| M2472
615.0764| -1.0000| -1| M1142
3713.3177| -1.0000| -1| M2473
3207.8879| -1.0000| -1| M693
1604.0837| -1.0000| -1| M1118
390.2019| -1.0000| -1| M2449
1234.3447| -1.0000| -1| M692
1729.6752| -1.0000| -1| M1119
1084.8421| -1.0000| -1| M691
2005.0248| -1.0000| -1| M690
2277.2347| -1.0000| -1| M213
2834.5573| -1.0000| -1| M697
1739.4473| -1.0000| -1| M1114
2187.0264| -1.0000| -1| M1598
2019.9293| -1.0000| -1| M2445
2611.5589| -1.0000| -1| M212
1699.6894| -1.0000| -1| M696
2302.1217| -1.0000| -1| M1115
1569.0255| -1.0000| -1| M1599
1873.3011| -1.0000| -1| M2446
1815.3720| -1.0000| -1| M211
1648.6700| -1.0000| -1| M695
1919.1758| -1.0000| -1| M1116
1380.1067| -1.0000| -1| M2447
2035.0274| -1.0000| -1| M210
1517.9100| -1.0000| -1| M694
864.5534| -1.0000| -1| M1117
2384.4321| -1.0000| -1| M2448
2711.0239| -1.0000| -1| M217
2315.8302| -1.0000| -1| M216
3452.2951| -1.0000| -1| M215
2306.6425| -1.0000| -1| M699
379.3004| -1.0000| -1| M214
2471.4626| -1.0000| -1| M698
1159.3509| -1.0000| -1| M219
1563.3883| -1.0000| -1| M218
1040.2183| -1.0000| -1| M1110
387.2599| -1.0000| -1| M1594
950.0357| -1.0000| -1| M2441
2702.0292| -1.0000| -1| M1111
3228.0927| -1.0000| -1| M1595
1848.6953| -1.0000| -1| M2442
609.1014| -1.0000| -1| M1112
1527.0377| -1.0000| -1| M1596
1441.7357| -1.0000| -1| M2443
221.8657| -1.0000| -1| M1113
1281.7902| -1.0000| -1| M1597
1988.1947| -1.0000| -1| M2444
412.1571| -1.0000| -1| M1590
3048.2351| -1.0000| -1| M1591
1138.9372| -1.0000| -1| M1592
576.9314| -1.0000| -1| M1593
1665.9997| -1.0000| -1| M2440
745.8271| -1.0000| -1| M682
1040.2522| -1.0000| -1| M1129
1446.7133| -1.0000| -1| M681
213.1974| -1.0000| -1| M680
850.1056| -1.0000| -1| M202
1241.1097| -1.0000| -1| M686
1715.0872| -1.0000| -1| M1125
3662.1562| -1.0000| -1| M2456
541.7361| -1.0000| -1| M201
640.3391| -1.0000| -1| M685
1430.5923| -1.0000| -1| M1126
1426.9808| -1.0000| -1| M2457
752.9227| -1.0000| -1| M200
2512.8541| -1.0000| -1| M684
978.6986| -1.0000| -1| M1127
2159.9494| -1.0000| -1| M2458
678.2320| -1.0000| -1| M683
925.2247| -1.0000| -1| M1128
2750.6200| -1.0000| -1| M2459
2043.1804| -1.0000| -1| M206
483.4337| -1.0000| -1| M205
1259.4215| -1.0000| -1| M689
2458.9014| -1.0000| -1| M204
500.9399| -1.0000| -1| M688
2339.3973| -1.0000| -1| M203
2139.9962| -1.0000| -1| M687
1521.5795| -1.0000| -1| M209
1748.7919| -1.0000| -1| M208
1899.1085| -1.0000| -1| M207
1131.7928| -1.0000| -1| M1121
3235.8961| -1.0000| -1| M2452
310.1407| -1.0000| -1| M1122
2445.2230| -1.0000| -1| M2453
2192.0647| -1.0000| -1| M1123
1979.0606| -1.0000| -1| M2454
1300.4240| -1.0000| -1| M1124
671.5654| -1.0000| -1| M2455
1301.4620| -1.0000| -1| M2450
1825.3079| -1.0000| -1| M1120
846.6290| -1.0000| -1| M2451
1718.5715| -1.0000| -1| M231
1352.5546| -1.0000| -1| M230
2726.3897| -1.0000| -1| M235
1992.9463| -1.0000| -1| M2027
1774.5439| -1.0000| -1| M234
913.9630| -1.0000| -1| M2028
2131.4996| -1.0000| -1| M233
1155.3348| -1.0000| -1| M2029
1812.5567| -1.0000| -1| M232
2035.0346| -1.0000| -1| M239
1024.9220| -1.0000| -1| M238
1653.6498| -1.0000| -1| M237
2751.5996| -1.0000| -1| M1170
1266.4387| -1.0000| -1| M1171
1872.7188| -1.0000| -1| M1176
1723.8553| -1.0000| -1| M2023
1905.3433| -1.0000| -1| M1177
2030.4398| -1.0000| -1| M2024
803.5315| -1.0000| -1| M1178
1166.2020| -1.0000| -1| M2025
4013.0514| -1.0000| -1| M1179
1297.2075| -1.0000| -1| M2026
3106.7221| -1.0000| -1| M1172
1944.8713| -1.0000| -1| M1173
968.8497| -1.0000| -1| M2020
2728.5129| -1.0000| -1| M1174
1785.5014| -1.0000| -1| M2021
1585.9490| -1.0000| -1| M1175
350.1496| -1.0000| -1| M2022
2769.9444| -1.0000| -1| M224
1843.6472| -1.0000| -1| M2038
1510.6378| -1.0000| -1| M223
881.2853| -1.0000| -1| M2039
1435.1974| -1.0000| -1| M222
1950.0662| -1.0000| -1| M221
1670.2834| -1.0000| -1| M228
2072.2569| -1.0000| -1| M227
2145.8313| -1.0000| -1| M226
1685.7470| -1.0000| -1| M225
1365.2854| -1.0000| -1| M229
587.0390| -1.0000| -1| M1180
1266.3593| -1.0000| -1| M1181
1427.3236| -1.0000| -1| M1182
923.6594| -1.0000| -1| M1187
1446.3474| -1.0000| -1| M2034
2307.6253| -1.0000| -1| M1188
1310.9689| -1.0000| -1| M2035
1849.7978| -1.0000| -1| M1189
1890.8200| -1.0000| -1| M2036
1948.0088| -1.0000| -1| M2037
835.1734| -1.0000| -1| M1183
413.4925| -1.0000| -1| M2030
897.0933| -1.0000| -1| M1184
1481.2370| -1.0000| -1| M2031
931.8295| -1.0000| -1| M1185
1595.1750| -1.0000| -1| M2032
2380.6334| -1.0000| -1| M1186
2221.8278| -1.0000| -1| M2033
1920.0930| -1.0000| -1| M253
1314.7952| -1.0000| -1| M2009
3642.6083| -1.0000| -1| M252
348.2817| -1.0000| -1| M251
3203.9064| -1.0000| -1| M257
1747.0359| -1.0000| -1| M1158
736.7693| -1.0000| -1| M2005
334.1311| -1.0000| -1| M2489
467.5925| -1.0000| -1| M256
472.6032| -1.0000| -1| M1159
745.4753| -1.0000| -1| M2006
2007.2693| -1.0000| -1| M255
576.2657| -1.0000| -1| M2007
2148.4755| -1.0000| -1| M254
588.6756| -1.0000| -1| M2008
1267.1609| -1.0000| -1| M259
2106.8015| -1.0000| -1| M258
603.6355| -1.0000| -1| M2480
1385.9311| -1.0000| -1| M1154
1569.5008| -1.0000| -1| M2001
570.4716| -1.0000| -1| M2485
1785.2623| -1.0000| -1| M1155
655.0359| -1.0000| -1| M2002
1526.6183| -1.0000| -1| M2486
2827.7638| -1.0000| -1| M1156
3163.6850| -1.0000| -1| M2003
2247.9070| -1.0000| -1| M2487
1062.5555| -1.0000| -1| M1157
2022.7362| -1.0000| -1| M2004
1071.3657| -1.0000| -1| M2488
1890.0633| -1.0000| -1| M260
1066.2832| -1.0000| -1| M1150
478.4859| -1.0000| -1| M2481
2068.9846| -1.0000| -1| M1151
1047.0785| -1.0000| -1| M2482
2841.8930| -1.0000| -1| M1152
762.9250| -1.0000| -1| M2483
1660.6448| -1.0000| -1| M1153
2091.3123| -1.0000| -1| M2000
1759.6912| -1.0000| -1| M2484
1944.3089| -1.0000| -1| M242
1437.2331| -1.0000| -1| M241
1808.7702| -1.0000| -1| M246
989.6826| -1.0000| -1| M1169
2329.7125| -1.0000| -1| M2016
1593.9383| -1.0000| -1| M245
697.2404| -1.0000| -1| M2017
1466.8305| -1.0000| -1| M244
896.5651| -1.0000| -1| M2018
1429.7949| -1.0000| -1| M243
1721.7468| -1.0000| -1| M2019
1173.5082| -1.0000| -1| M249
1973.9157| -1.0000| -1| M248
1628.6476| -1.0000| -1| M247
2504.6976| -1.0000| -1| M2490
1680.6719| -1.0000| -1| M1160
2136.6695| -1.0000| -1| M2491
2744.0945| -1.0000| -1| M1165
2697.5095| -1.0000| -1| M2012
2567.0732| -1.0000| -1| M2496
580.2774| -1.0000| -1| M1166
934.4258| -1.0000| -1| M2013
2952.1833| -1.0000| -1| M2497
1213.5506| -1.0000| -1| M1167
1432.4054| -1.0000| -1| M2014
1148.9904| -1.0000| -1| M2498
964.8384| -1.0000| -1| M1168
1291.3923| -1.0000| -1| M2015
512.8710| -1.0000| -1| M2499
4220.1660| -1.0000| -1| M1161
1738.1474| -1.0000| -1| M2492
2248.8001| -1.0000| -1| M1162
1489.9565| -1.0000| -1| M2493
144.0651| -1.0000| -1| M1163
1554.0781| -1.0000| -1| M2010
1899.1881| -1.0000| -1| M2494
1551.4253| -1.0000| -1| M1164
793.7180| -1.0000| -1| M2011
1003.5948| -1.0000| -1| M2495
3520.8096| -1.0000| -1| M275
2288.2247| -1.0000| -1| M274
1465.7843| -1.0000| -1| M273
795.0469| -1.0000| -1| M272
594.7737| -1.0000| -1| M279
909.3254| -1.0000| -1| M278
1193.5235| -1.0000| -1| M277
976.7588| -1.0000| -1| M276
3531.5521| -1.0000| -1| M2060
1381.5271| -1.0000| -1| M2061
3695.9786| -1.0000| -1| M2062
2583.8068| -1.0000| -1| M2067
2700.0028| -1.0000| -1| M2068
1195.6339| -1.0000| -1| M2069
1080.7016| -1.0000| -1| M282
1850.6666| -1.0000| -1| M2063
2015.0545| -1.0000| -1| M281
2994.0762| -1.0000| -1| M2064
804.4175| -1.0000| -1| M280
1923.4737| -1.0000| -1| M2065
350.7001| -1.0000| -1| M2066
3928.9791| -1.0000| -1| M264
1733.0489| -1.0000| -1| M263
3092.8383| -1.0000| -1| M262
2542.4754| -1.0000| -1| M261
1468.5811| -1.0000| -1| M268
807.5080| -1.0000| -1| M267
490.2447| -1.0000| -1| M266
1686.5399| -1.0000| -1| M265
1007.8408| -1.0000| -1| M269
2366.2412| -1.0000| -1| M2070
1587.3993| -1.0000| -1| M2071
3430.3530| -1.0000| -1| M2072
1597.0800| -1.0000| -1| M2073
2477.8906| -1.0000| -1| M2078
1552.2233| -1.0000| -1| M2079
1631.5820| -1.0000| -1| M271
3187.8208| -1.0000| -1| M2074
358.6916| -1.0000| -1| M270
2483.1165| -1.0000| -1| M2075
2852.3600| -1.0000| -1| M2076
547.5959| -1.0000| -1| M2077
556.7177| -1.0000| -1| M297
3966.7007| -1.0000| -1| M295
3387.3796| -1.0000| -1| M294
2150.6408| -1.0000| -1| M2049
2338.8350| -1.0000| -1| M299
127.1676| -1.0000| -1| M298
3715.4416| -1.0000| -1| M1190
2343.2412| -1.0000| -1| M1191
1767.1920| -1.0000| -1| M1192
1798.7879| -1.0000| -1| M1193
886.6136| -1.0000| -1| M2040
1567.3146| -1.0000| -1| M1198
788.2146| -1.0000| -1| M2045
1549.9746| -1.0000| -1| M1199
2782.1464| -1.0000| -1| M2046
2788.4912| -1.0000| -1| M2047
742.3688| -1.0000| -1| M2048
2327.0411| -1.0000| -1| M1194
1289.1311| -1.0000| -1| M2041
800.6250| -1.0000| -1| M1195
1339.4317| -1.0000| -1| M2042
2220.4775| -1.0000| -1| M1196
3137.6601| -1.0000| -1| M2043
1456.0448| -1.0000| -1| M1197
1858.8744| -1.0000| -1| M2044
1817.0698| -1.0000| -1| M286
3595.3981| -1.0000| -1| M285
2766.2413| -1.0000| -1| M284
755.4910| -1.0000| -1| M283
2366.3548| -1.0000| -1| M289
3252.3175| -1.0000| -1| M288
2076.4969| -1.0000| -1| M287
1910.3680| -1.0000| -1| M2050
522.3313| -1.0000| -1| M2051
239.7470| -1.0000| -1| M2056
2571.2880| -1.0000| -1| M2057
829.9724| -1.0000| -1| M2058
1552.6224| -1.0000| -1| M2059
785.5581| -1.0000| -1| M293
518.3493| -1.0000| -1| M2052
1405.8575| -1.0000| -1| M292
632.5875| -1.0000| -1| M2053
1443.4941| -1.0000| -1| M291
1781.9491| -1.0000| -1| M2054
1516.0112| -1.0000| -1| M2055
2088.8880| -1.0000| -1| M2081
1473.5611| -1.0000| -1| M2082
799.8159| -1.0000| -1| M2083
1032.2944| -1.0000| -1| M2084
1526.4005| -1.0000| -1| M2080
2985.3937| -1.0000| -1| M2089
3408.0300| -1.0000| -1| M2085
2068.1349| -1.0000| -1| M2086
371.0068| -1.0000| -1| M2087
2018.9716| -1.0000| -1| M2088
734.5089| -1.0000| -1| M2092
1405.0804| -1.0000| -1| M2093
1666.0179| -1.0000| -1| M2094
991.2385| -1.0000| -1| M2095
1434.2274| -1.0000| -1| M2090
3629.6135| -1.0000| -1| M2091
1623.3447| -1.0000| -1| M2096
3323.8166| -1.0000| -1| M2097
1753.2496| -1.0000| -1| M2098
1905.7396| -1.0000| -1| M2099
1109.6498| -1.0000| -1| M1811
1094.4511| -1.0000| -1| M1812
3608.2094| -1.0000| -1| M1813
1659.3413| -1.0000| -1| M1814
311.7129| -1.0000| -1| M1810
1339.5567| -1.0000| -1| M1819
1878.8857| -1.0000| -1| M1815
106.9357| -1.0000| -1| M1816
1081.7290| -1.0000| -1| M1817
1300.2267| -1.0000| -1| M1818
1047.2534| -1.0000| -1| M1822
3111.7839| -1.0000| -1| M1823
749.9442| -1.0000| -1| M1824
1268.9900| -1.0000| -1| M1825
406.2585| -1.0000| -1| M1820
1811.4502| -1.0000| -1| M1821
1364.1130| -1.0000| -1| M1826
599.7300| -1.0000| -1| M1827
1807.9729| -1.0000| -1| M1828
1381.3240| -1.0000| -1| M1829
944.0910| -1.0000| -1| M1800
1067.5575| -1.0000| -1| M1801
1474.4372| -1.0000| -1| M1802
1922.1208| -1.0000| -1| M1803
1139.1775| -1.0000| -1| M1808
698.1180| -1.0000| -1| M1809
846.3626| -1.0000| -1| M1804
1869.0711| -1.0000| -1| M1805
2391.7441| -1.0000| -1| M1806
2831.4248| -1.0000| -1| M1807
1628.8952| -1.0000| -1| M1855
1573.0802| -1.0000| -1| M1856
1927.5593| -1.0000| -1| M1857
2380.6014| -1.0000| -1| M1858
1777.3988| -1.0000| -1| M1851
670.7127| -1.0000| -1| M1852
2514.5161| -1.0000| -1| M1853
1015.9264| -1.0000| -1| M1854
1829.8853| -1.0000| -1| M1859
1484.9679| -1.0000| -1| M1850
1500.0385| -1.0000| -1| M1866
1093.6260| -1.0000| -1| M1867
1904.0721| -1.0000| -1| M1868
652.8561| -1.0000| -1| M1869
1930.7411| -1.0000| -1| M1862
2520.7739| -1.0000| -1| M1863
1313.1386| -1.0000| -1| M1864
2088.0520| -1.0000| -1| M1865
428.8827| -1.0000| -1| M1860
1022.0859| -1.0000| -1| M1861
1265.2188| -1.0000| -1| M1833
1131.7432| -1.0000| -1| M1834
818.3326| -1.0000| -1| M1835
1377.2287| -1.0000| -1| M1836
1588.0060| -1.0000| -1| M1830
667.0602| -1.0000| -1| M1831
851.3828| -1.0000| -1| M1832
1708.1080| -1.0000| -1| M1837
3136.6621| -1.0000| -1| M1838
911.6379| -1.0000| -1| M1839
2383.4257| -1.0000| -1| M1844
1078.8351| -1.0000| -1| M1845
4084.6774| -1.0000| -1| M1846
1566.0058| -1.0000| -1| M1847
1080.9169| -1.0000| -1| M1840
1346.8976| -1.0000| -1| M1841
2420.7487| -1.0000| -1| M1842
682.0520| -1.0000| -1| M1843
347.0758| -1.0000| -1| M1848
968.7484| -1.0000| -1| M1849
1738.9627| -1.0000| -1| M1415
2103.7519| -1.0000| -1| M1899
1021.5180| -1.0000| -1| M1416
2569.1167| -1.0000| -1| M1417
1277.5418| -1.0000| -1| M1418
2756.1196| -1.0000| -1| M1411
2045.8988| -1.0000| -1| M1895
833.3112| -1.0000| -1| M1412
2764.2626| -1.0000| -1| M1896
1049.6291| -1.0000| -1| M1413
3496.7324| -1.0000| -1| M1897
1289.8978| -1.0000| -1| M1414
2467.2031| -1.0000| -1| M1898
2274.0899| -1.0000| -1| M712
1352.8871| -1.0000| -1| M711
2560.5465| -1.0000| -1| M710
826.2622| -1.0000| -1| M716
2049.1496| -1.0000| -1| M1419
1234.1740| -1.0000| -1| M715
387.5910| -1.0000| -1| M714
868.4506| -1.0000| -1| M713
3000.4300| -1.0000| -1| M718
516.7142| -1.0000| -1| M717
1208.9868| -1.0000| -1| M1891
358.9862| -1.0000| -1| M1892
1308.4725| -1.0000| -1| M1893
2770.6963| -1.0000| -1| M1410
2263.1107| -1.0000| -1| M1894
2015.3055| -1.0000| -1| M1890
2007.8341| -1.0000| -1| M1426
789.2169| -1.0000| -1| M1427
1865.2894| -1.0000| -1| M1428
2684.9671| -1.0000| -1| M1429
1004.4237| -1.0000| -1| M1422
1404.1146| -1.0000| -1| M1423
1857.8999| -1.0000| -1| M1424
927.8675| -1.0000| -1| M1425
839.2912| -1.0000| -1| M701
1322.5192| -1.0000| -1| M700
1616.0546| -1.0000| -1| M705
1350.8344| -1.0000| -1| M704
887.2813| -1.0000| -1| M703
1951.6617| -1.0000| -1| M702
1871.5225| -1.0000| -1| M709
738.1387| -1.0000| -1| M708
1551.5886| -1.0000| -1| M707
508.4361| -1.0000| -1| M706
2421.9815| -1.0000| -1| M1420
1616.6435| -1.0000| -1| M1421
1497.4650| -1.0000| -1| M1877
2379.5342| -1.0000| -1| M1878
1830.2840| -1.0000| -1| M1879
1502.8478| -1.0000| -1| M730
1015.6377| -1.0000| -1| M1873
83.8810| -1.0000| -1| M1874
2467.7703| -1.0000| -1| M1875
1616.7529| -1.0000| -1| M1876
3190.5433| -1.0000| -1| M734
2685.7938| -1.0000| -1| M733
2803.0617| -1.0000| -1| M732
665.0180| -1.0000| -1| M731
2014.3911| -1.0000| -1| M738
1559.8405| -1.0000| -1| M737
852.0313| -1.0000| -1| M736
685.5232| -1.0000| -1| M735
1436.9147| -1.0000| -1| M739
2145.1879| -1.0000| -1| M1870
420.3571| -1.0000| -1| M1871
1871.9642| -1.0000| -1| M1872
1153.0536| -1.0000| -1| M1404
1945.3803| -1.0000| -1| M1888
296.1758| -1.0000| -1| M1405
3041.4029| -1.0000| -1| M1889
2267.7085| -1.0000| -1| M1406
2103.6820| -1.0000| -1| M1407
2258.5302| -1.0000| -1| M1400
1881.3984| -1.0000| -1| M1884
2654.8783| -1.0000| -1| M1401
1552.6393| -1.0000| -1| M1885
2613.7018| -1.0000| -1| M1402
2311.7885| -1.0000| -1| M1886
604.0996| -1.0000| -1| M1403
116.0884| -1.0000| -1| M1887
1665.0426| -1.0000| -1| M723
1051.8235| -1.0000| -1| M721
2059.3345| -1.0000| -1| M720
2913.9138| -1.0000| -1| M727
931.4698| -1.0000| -1| M1408
680.2120| -1.0000| -1| M726
1303.6746| -1.0000| -1| M1409
1250.1954| -1.0000| -1| M725
1658.9966| -1.0000| -1| M724
1070.2690| -1.0000| -1| M729
1182.0831| -1.0000| -1| M728
2323.3730| -1.0000| -1| M1880
1440.5729| -1.0000| -1| M1881
2430.0343| -1.0000| -1| M1882
1679.8577| -1.0000| -1| M1883
2357.5865| -1.0000| -1| M1459
3317.7485| -1.0000| -1| M2306
550.7162| -1.0000| -1| M2307
347.4773| -1.0000| -1| M2308
1341.8742| -1.0000| -1| M2309
813.4208| -1.0000| -1| M752
214.7535| -1.0000| -1| M1455
83.6478| -1.0000| -1| M2302
378.0796| -1.0000| -1| M751
2731.1297| -1.0000| -1| M1456
893.3045| -1.0000| -1| M2303
2273.6454| -1.0000| -1| M750
493.5718| -1.0000| -1| M1457
162.7559| -1.0000| -1| M2304
1270.5687| -1.0000| -1| M1458
2892.5872| -1.0000| -1| M2305
1942.5646| -1.0000| -1| M756
807.0525| -1.0000| -1| M755
3652.2909| -1.0000| -1| M754
370.7223| -1.0000| -1| M753
2215.1490| -1.0000| -1| M759
1989.5357| -1.0000| -1| M758
952.9426| -1.0000| -1| M757
2619.1842| -1.0000| -1| M1451
1068.6612| -1.0000| -1| M1452
2822.7793| -1.0000| -1| M1453
1524.3050| -1.0000| -1| M2300
1881.7108| -1.0000| -1| M1454
1224.7316| -1.0000| -1| M2301
728.6264| -1.0000| -1| M1450
796.7249| -1.0000| -1| M2317
936.4006| -1.0000| -1| M2318
845.7483| -1.0000| -1| M2319
2930.1221| -1.0000| -1| M741
1693.9130| -1.0000| -1| M1466
913.0907| -1.0000| -1| M2313
1085.9265| -1.0000| -1| M740
1031.3769| -1.0000| -1| M1467
1143.6833| -1.0000| -1| M2314
2393.7250| -1.0000| -1| M1468
1408.7827| -1.0000| -1| M2315
1731.7280| -1.0000| -1| M1469
3180.1445| -1.0000| -1| M2316
1255.6725| -1.0000| -1| M745
1812.7556| -1.0000| -1| M744
2233.1614| -1.0000| -1| M743
2200.8637| -1.0000| -1| M742
2838.5130| -1.0000| -1| M749
2130.5736| -1.0000| -1| M747
822.0876| -1.0000| -1| M746
2300.2513| -1.0000| -1| M1462
1811.8958| -1.0000| -1| M1463
1903.1611| -1.0000| -1| M2310
727.3678| -1.0000| -1| M1464
526.9774| -1.0000| -1| M2311
766.7793| -1.0000| -1| M1465
986.3060| -1.0000| -1| M2312
1934.1666| -1.0000| -1| M1460
558.9240| -1.0000| -1| M1461
1543.3571| -1.0000| -1| M770
2962.5264| -1.0000| -1| M1437
2508.8067| -1.0000| -1| M1438
1658.9435| -1.0000| -1| M1439
2041.4193| -1.0000| -1| M774
1557.1317| -1.0000| -1| M1433
1117.0123| -1.0000| -1| M773
640.0914| -1.0000| -1| M1434
1634.0478| -1.0000| -1| M772
951.3768| -1.0000| -1| M1435
1741.7115| -1.0000| -1| M771
667.9428| -1.0000| -1| M1436
1945.6933| -1.0000| -1| M778
2021.2765| -1.0000| -1| M777
2157.2731| -1.0000| -1| M776
2441.8724| -1.0000| -1| M775
479.6804| -1.0000| -1| M779
3018.1725| -1.0000| -1| M1430
1404.0502| -1.0000| -1| M1431
939.1326| -1.0000| -1| M1432
1279.9143| -1.0000| -1| M1448
2992.1124| -1.0000| -1| M1449
1524.4774| -1.0000| -1| M763
1497.8949| -1.0000| -1| M1444
1977.8504| -1.0000| -1| M762
1445.6925| -1.0000| -1| M1445
2420.3648| -1.0000| -1| M761
1580.6005| -1.0000| -1| M1446
388.2206| -1.0000| -1| M760
2012.5568| -1.0000| -1| M1447
599.0884| -1.0000| -1| M767
849.1768| -1.0000| -1| M766
704.8611| -1.0000| -1| M765
1607.4296| -1.0000| -1| M764
809.8697| -1.0000| -1| M769
552.2865| -1.0000| -1| M768
1942.7681| -1.0000| -1| M1440
1165.2748| -1.0000| -1| M1441
585.8601| -1.0000| -1| M1442
2874.2351| -1.0000| -1| M1443
2449.7270| -1.0000| -1| M792
2707.5012| -1.0000| -1| M1019
1861.9116| -1.0000| -1| M791
2979.5993| -1.0000| -1| M790
921.0078| -1.0000| -1| M312
2359.8038| -1.0000| -1| M796
1425.3924| -1.0000| -1| M1015
729.6037| -1.0000| -1| M1499
1050.6571| -1.0000| -1| M2346
2590.1816| -1.0000| -1| M311
1090.5648| -1.0000| -1| M795
1918.1542| -1.0000| -1| M1016
2278.4647| -1.0000| -1| M2347
2476.2887| -1.0000| -1| M310
1473.3260| -1.0000| -1| M794
848.9298| -1.0000| -1| M1017
1341.9903| -1.0000| -1| M2348
2142.5028| -1.0000| -1| M793
2385.8849| -1.0000| -1| M1018
277.7763| -1.0000| -1| M2349
448.5189| -1.0000| -1| M316
967.5141| -1.0000| -1| M315
2044.0033| -1.0000| -1| M799
898.2947| -1.0000| -1| M314
519.0045| -1.0000| -1| M798
958.9580| -1.0000| -1| M313
1365.0752| -1.0000| -1| M797
1308.8106| -1.0000| -1| M319
1540.2008| -1.0000| -1| M318
1120.7389| -1.0000| -1| M317
2178.7534| -1.0000| -1| M1490
1411.9775| -1.0000| -1| M1011
1618.7179| -1.0000| -1| M1495
3842.9122| -1.0000| -1| M2342
2406.1823| -1.0000| -1| M1012
1372.8452| -1.0000| -1| M1496
729.9106| -1.0000| -1| M2343
537.5017| -1.0000| -1| M1013
1142.1659| -1.0000| -1| M1497
1461.6603| -1.0000| -1| M2344
2301.6151| -1.0000| -1| M1014
1793.6939| -1.0000| -1| M1498
305.8292| -1.0000| -1| M2345
1859.9038| -1.0000| -1| M1491
1627.1739| -1.0000| -1| M1492
2788.0323| -1.0000| -1| M1493
1047.1171| -1.0000| -1| M2340
1984.3784| -1.0000| -1| M1010
964.9987| -1.0000| -1| M1494
2118.0081| -1.0000| -1| M2341
1253.2402| -1.0000| -1| M781
592.0676| -1.0000| -1| M780
1955.2138| -1.0000| -1| M301
1447.2475| -1.0000| -1| M785
855.8559| -1.0000| -1| M1026
2157.2622| -1.0000| -1| M2357
1119.5107| -1.0000| -1| M300
761.3691| -1.0000| -1| M784
1225.0694| -1.0000| -1| M1027
3238.0908| -1.0000| -1| M2358
631.2156| -1.0000| -1| M783
1990.2345| -1.0000| -1| M1028
1787.1950| -1.0000| -1| M2359
913.2314| -1.0000| -1| M782
1837.8671| -1.0000| -1| M1029
2306.8233| -1.0000| -1| M305
550.7147| -1.0000| -1| M789
1105.7289| -1.0000| -1| M304
968.2542| -1.0000| -1| M788
1207.7832| -1.0000| -1| M303
2848.4121| -1.0000| -1| M787
2012.4398| -1.0000| -1| M302
2204.8630| -1.0000| -1| M786
1828.8592| -1.0000| -1| M309
1876.0016| -1.0000| -1| M308
3088.6124| -1.0000| -1| M307
841.3525| -1.0000| -1| M306
2013.0193| -1.0000| -1| M1022
935.1557| -1.0000| -1| M2353
2060.5385| -1.0000| -1| M1023
1618.5110| -1.0000| -1| M2354
1763.8537| -1.0000| -1| M1024
1345.2405| -1.0000| -1| M2355
1688.4584| -1.0000| -1| M1025
2463.9607| -1.0000| -1| M2356
3352.4168| -1.0000| -1| M2350
1622.0192| -1.0000| -1| M1020
2522.7846| -1.0000| -1| M2351
2023.0655| -1.0000| -1| M1021
1686.8845| -1.0000| -1| M2352
1761.6668| -1.0000| -1| M330
2137.5308| -1.0000| -1| M2328
1503.3875| -1.0000| -1| M2329
3063.1210| -1.0000| -1| M334
2310.3699| -1.0000| -1| M1477
2514.0844| -1.0000| -1| M2324
964.5088| -1.0000| -1| M333
2483.9201| -1.0000| -1| M1478
1342.2201| -1.0000| -1| M2325
2501.2110| -1.0000| -1| M332
1161.8276| -1.0000| -1| M1479
1816.5820| -1.0000| -1| M2326
334.1135| -1.0000| -1| M331
1140.3778| -1.0000| -1| M2327
3317.4330| -1.0000| -1| M338
1666.7233| -1.0000| -1| M337
2472.5110| -1.0000| -1| M336
2901.9645| -1.0000| -1| M335
96.0983| -1.0000| -1| M339
482.5181| -1.0000| -1| M1473
1249.7535| -1.0000| -1| M2320
401.0369| -1.0000| -1| M1474
1428.6081| -1.0000| -1| M2321
1810.6940| -1.0000| -1| M1475
2707.0740| -1.0000| -1| M2322
1479.6668| -1.0000| -1| M1476
332.0966| -1.0000| -1| M2323
1196.9886| -1.0000| -1| M1470
1013.7857| -1.0000| -1| M1471
2626.9676| -1.0000| -1| M1472
1504.7361| -1.0000| -1| M1008
1302.7959| -1.0000| -1| M2339
233.3065| -1.0000| -1| M1009
2113.6802| -1.0000| -1| M323
406.3911| -1.0000| -1| M1004
2534.8177| -1.0000| -1| M1488
1253.7609| -1.0000| -1| M2335
421.5306| -1.0000| -1| M322
1302.3045| -1.0000| -1| M1005
1425.9160| -1.0000| -1| M1489
847.9825| -1.0000| -1| M2336
871.3681| -1.0000| -1| M321
2023.9359| -1.0000| -1| M1006
842.6049| -1.0000| -1| M2337
898.5793| -1.0000| -1| M320
1890.1614| -1.0000| -1| M1007
449.2499| -1.0000| -1| M2338
1303.9889| -1.0000| -1| M327
1774.3927| -1.0000| -1| M326
2848.4791| -1.0000| -1| M325
941.8108| -1.0000| -1| M324
2308.6714| -1.0000| -1| M329
2604.7270| -1.0000| -1| M328
2359.9930| -1.0000| -1| M1000
1016.3480| -1.0000| -1| M1484
1137.3234| -1.0000| -1| M2331
504.6940| -1.0000| -1| M1001
907.9051| -1.0000| -1| M1485
1326.3004| -1.0000| -1| M2332
917.7896| -1.0000| -1| M1002
1331.7621| -1.0000| -1| M1486
1464.6679| -1.0000| -1| M2333
1148.2660| -1.0000| -1| M1003
1334.5318| -1.0000| -1| M1487
947.9203| -1.0000| -1| M2334
2225.5157| -1.0000| -1| M1480
2100.8030| -1.0000| -1| M1481
1561.5445| -1.0000| -1| M1482
974.8385| -1.0000| -1| M1483
2820.7740| -1.0000| -1| M2330
230.5230| -1.0000| -1| M352
2563.7118| -1.0000| -1| M351
2414.3816| -1.0000| -1| M350
2195.1023| -1.0000| -1| M356
919.1778| -1.0000| -1| M1059
3242.0901| -1.0000| -1| M355
1226.5286| -1.0000| -1| M354
2332.2951| -1.0000| -1| M353
1127.1704| -1.0000| -1| M359
2014.3459| -1.0000| -1| M358
3512.3737| -1.0000| -1| M357
981.9843| -1.0000| -1| M2380
2954.8470| -1.0000| -1| M1050
1466.7465| -1.0000| -1| M2381
1254.7432| -1.0000| -1| M1055
2100.7597| -1.0000| -1| M2386
3263.4359| -1.0000| -1| M1056
2755.6813| -1.0000| -1| M2387
643.4371| -1.0000| -1| M1057
2166.7296| -1.0000| -1| M2388
1513.0277| -1.0000| -1| M1058
473.9560| -1.0000| -1| M2389
1301.3015| -1.0000| -1| M1051
1411.2998| -1.0000| -1| M2382
1653.0679| -1.0000| -1| M1052
2235.5682| -1.0000| -1| M2383
1361.2726| -1.0000| -1| M1053
369.3061| -1.0000| -1| M2384
1024.9693| -1.0000| -1| M1054
1622.9148| -1.0000| -1| M2385
1276.0694| -1.0000| -1| M341
2367.0578| -1.0000| -1| M340
346.7553| -1.0000| -1| M345
3238.1064| -1.0000| -1| M344
3465.3489| -1.0000| -1| M343
1555.3563| -1.0000| -1| M342
1087.4282| -1.0000| -1| M349
2574.6957| -1.0000| -1| M348
2435.3701| -1.0000| -1| M347
3662.9107| -1.0000| -1| M346
919.2783| -1.0000| -1| M2390
801.7573| -1.0000| -1| M1060
2333.1482| -1.0000| -1| M2391
898.6261| -1.0000| -1| M1061
2234.5176| -1.0000| -1| M2392
1769.5952| -1.0000| -1| M1066
537.1056| -1.0000| -1| M2397
1222.8917| -1.0000| -1| M1067
706.3700| -1.0000| -1| M2398
1466.0094| -1.0000| -1| M1068
1070.7464| -1.0000| -1| M2399
2484.1835| -1.0000| -1| M1069
325.0919| -1.0000| -1| M1062
924.6433| -1.0000| -1| M2393
617.1166| -1.0000| -1| M1063
1307.5500| -1.0000| -1| M2394
1165.4485| -1.0000| -1| M1064
1618.3117| -1.0000| -1| M2395
609.7733| -1.0000| -1| M1065
1471.0025| -1.0000| -1| M2396
2773.7202| -1.0000| -1| M374
823.1893| -1.0000| -1| M373
2495.3627| -1.0000| -1| M371
1396.6388| -1.0000| -1| M378
1926.9208| -1.0000| -1| M1037
969.0089| -1.0000| -1| M2368
2141.7271| -1.0000| -1| M377
2184.0131| -1.0000| -1| M1038
593.2652| -1.0000| -1| M2369
1864.4375| -1.0000| -1| M376
958.3508| -1.0000| -1| M1039
1196.3459| -1.0000| -1| M375
2160.9543| -1.0000| -1| M379
2142.9279| -1.0000| -1| M1033
3847.4172| -1.0000| -1| M2364
1345.0285| -1.0000| -1| M1034
597.0989| -1.0000| -1| M2365
1711.1692| -1.0000| -1| M1035
566.5945| -1.0000| -1| M2366
1314.2415| -1.0000| -1| M1036
1213.4528| -1.0000| -1| M2367
1544.1088| -1.0000| -1| M381
1672.8696| -1.0000| -1| M2360
2101.6054| -1.0000| -1| M380
1135.4197| -1.0000| -1| M1030
743.2656| -1.0000| -1| M2361
937.2260| -1.0000| -1| M1031
1279.9456| -1.0000| -1| M2362
981.9830| -1.0000| -1| M1032
827.5891| -1.0000| -1| M2363
1420.1923| -1.0000| -1| M363
1029.7290| -1.0000| -1| M362
959.7462| -1.0000| -1| M361
2729.2626| -1.0000| -1| M360
531.5481| -1.0000| -1| M367
1991.8639| -1.0000| -1| M1048
1275.5365| -1.0000| -1| M2379
901.2445| -1.0000| -1| M366
349.8284| -1.0000| -1| M1049
161.5711| -1.0000| -1| M365
1354.5816| -1.0000| -1| M364
825.6200| -1.0000| -1| M369
960.9101| -1.0000| -1| M368
1912.2302| -1.0000| -1| M2370
917.9386| -1.0000| -1| M1044
1479.3794| -1.0000| -1| M2375
911.8738| -1.0000| -1| M1045
2941.9716| -1.0000| -1| M2376
2851.1892| -1.0000| -1| M1046
1669.7800| -1.0000| -1| M2377
888.9763| -1.0000| -1| M1047
926.0958| -1.0000| -1| M2378
425.9351| -1.0000| -1| M370
2054.2018| -1.0000| -1| M1040
2593.1485| -1.0000| -1| M2371
792.1162| -1.0000| -1| M1041
2853.5804| -1.0000| -1| M2372
2358.6330| -1.0000| -1| M1042
3777.2992| -1.0000| -1| M2373
2282.1912| -1.0000| -1| M1043
2684.2289| -1.0000| -1| M2374
741.7953| -1.0000| -1| M396
2810.8326| -1.0000| -1| M395
137.0857| -1.0000| -1| M394
2135.2370| -1.0000| -1| M393
1952.3045| -1.0000| -1| M399
1147.7992| -1.0000| -1| M398
3326.1925| -1.0000| -1| M397
1613.1839| -1.0000| -1| M1091
1620.0687| -1.0000| -1| M1092
1388.0114| -1.0000| -1| M1093
2604.1291| -1.0000| -1| M1094
1843.7913| -1.0000| -1| M1090
842.1352| -1.0000| -1| M1099
1676.3450| -1.0000| -1| M1095
2122.4996| -1.0000| -1| M1096
1064.0694| -1.0000| -1| M1097
506.5455| -1.0000| -1| M1098
1863.5796| -1.0000| -1| M385
978.2091| -1.0000| -1| M384
769.9789| -1.0000| -1| M382
2266.7684| -1.0000| -1| M389
1629.0257| -1.0000| -1| M388
1032.2473| -1.0000| -1| M387
3140.3577| -1.0000| -1| M386
2305.6192| -1.0000| -1| M11
2505.4953| -1.0000| -1| M10
1650.1665| -1.0000| -1| M13
2023.3835| -1.0000| -1| M12
437.6855| -1.0000| -1| M15
504.1615| -1.0000| -1| M14
3231.2999| -1.0000| -1| M17
1804.8633| -1.0000| -1| M16
2458.8453| -1.0000| -1| M19
246.8100| -1.0000| -1| M18
2628.5373| -1.0000| -1| M392
1027.2644| -1.0000| -1| M391
2331.0306| -1.0000| -1| M390
1194.5985| -1.0000| -1| M20
2885.6447| -1.0000| -1| M22
1244.4688| -1.0000| -1| M21
2173.4849| -1.0000| -1| M24
931.9988| -1.0000| -1| M23
4015.0448| -1.0000| -1| M26
1408.0630| -1.0000| -1| M25
2490.7486| -1.0000| -1| M1070
1937.3762| -1.0000| -1| M28
474.1101| -1.0000| -1| M1071
3108.6510| -1.0000| -1| M27
2501.9226| -1.0000| -1| M1072
923.0147| -1.0000| -1| M29
931.0792| -1.0000| -1| M1077
891.3199| -1.0000| -1| M1078
2396.0817| -1.0000| -1| M1079
825.5791| -1.0000| -1| M1073
2536.4413| -1.0000| -1| M1074
1833.9516| -1.0000| -1| M1075
1428.7569| -1.0000| -1| M1076
1581.4074| -1.0000| -1| M31
2571.9271| -1.0000| -1| M30
1827.7778| -1.0000| -1| M33
2147.2802| -1.0000| -1| M32
2304.9656| -1.0000| -1| M35
285.1425| -1.0000| -1| M34
1799.6408| -1.0000| -1| M37
1512.8987| -1.0000| -1| M1080
2518.3545| -1.0000| -1| M36
1725.0137| -1.0000| -1| M1081
2037.0877| -1.0000| -1| M39
2730.3782| -1.0000| -1| M1082
2205.8804| -1.0000| -1| M38
1895.6801| -1.0000| -1| M1083
1431.2589| -1.0000| -1| M1088
686.7514| -1.0000| -1| M1089
2039.9886| -1.0000| -1| M1084
842.6349| -1.0000| -1| M1085
733.4674| -1.0000| -1| M1086
3453.3179| -1.0000| -1| M1087
432.6104| -1.0000| -1| M40
1226.9305| -1.0000| -1| M42
2990.2285| -1.0000| -1| M41
2285.1823| -1.0000| -1| M44
2276.0017| -1.0000| -1| M43
1637.5079| -1.0000| -1| M46
1632.9457| -1.0000| -1| M45
930.1582| -1.0000| -1| M48
464.7538| -1.0000| -1| M47
624.8515| -1.0000| -1| M49
2420.8589| -1.0000| -1| M1900
553.0836| -1.0000| -1| M1901
1680.4470| -1.0000| -1| M1902
1660.6300| -1.0000| -1| M51
1850.5900| -1.0000| -1| M1907
2687.6891| -1.0000| -1| M50
2481.0354| -1.0000| -1| M1908
2043.8284| -1.0000| -1| M53
788.4951| -1.0000| -1| M1909
2080.7963| -1.0000| -1| M52
1306.7037| -1.0000| -1| M55
1593.0085| -1.0000| -1| M1903
1740.4885| -1.0000| -1| M54
644.5244| -1.0000| -1| M1904
1033.6865| -1.0000| -1| M57
2194.9932| -1.0000| -1| M1905
1580.4770| -1.0000| -1| M56
1715.3309| -1.0000| -1| M1906
3606.0559| -1.0000| -1| M59
2768.4221| -1.0000| -1| M58
621.2782| -1.0000| -1| M60
736.0555| -1.0000| -1| M62
1359.6983| -1.0000| -1| M61
3769.6948| -1.0000| -1| M64
1316.7683| -1.0000| -1| M63
1174.6722| -1.0000| -1| M65
1644.2004| -1.0000| -1| M68
1964.7895| -1.0000| -1| M67
1456.6551| -1.0000| -1| M69
2538.7649| -1.0000| -1| M71
3476.7110| -1.0000| -1| M70
2368.1128| -1.0000| -1| M73
1065.5147| -1.0000| -1| M72
1912.6028| -1.0000| -1| M75
827.1221| -1.0000| -1| M74
903.9129| -1.0000| -1| M77
927.3705| -1.0000| -1| M76
2202.9894| -1.0000| -1| M79
2285.7682| -1.0000| -1| M78
1374.5139| -1.0000| -1| M80
514.7099| -1.0000| -1| M82
762.7845| -1.0000| -1| M81
1616.8340| -1.0000| -1| M84
2438.9676| -1.0000| -1| M83
743.5362| -1.0000| -1| M86
455.7037| -1.0000| -1| M88
1152.7019| -1.0000| -1| M87
2935.9654| -1.0000| -1| M89
1537.0074| -1.0000| -1| M1701
510.0225| -1.0000| -1| M1702
608.9738| -1.0000| -1| M1703
2092.3849| -1.0000| -1| M1704
914.0108| -1.0000| -1| M91
2013.0648| -1.0000| -1| M93
2042.3243| -1.0000| -1| M92
3118.6964| -1.0000| -1| M1700
2474.5320| -1.0000| -1| M95
2398.8177| -1.0000| -1| M1709
1329.8158| -1.0000| -1| M94
1849.2964| -1.0000| -1| M97
1354.3146| -1.0000| -1| M96
3034.6695| -1.0000| -1| M99
848.7585| -1.0000| -1| M1705
962.8172| -1.0000| -1| M98
720.9273| -1.0000| -1| M1706
3179.4872| -1.0000| -1| M1707
2183.1044| -1.0000| -1| M1708
1968.4463| -1.0000| -1| M1734
1356.6072| -1.0000| -1| M1735
3331.1150| -1.0000| -1| M1736
1846.3979| -1.0000| -1| M1737
1477.2594| -1.0000| -1| M1730
2538.8429| -1.0000| -1| M1731
754.2950| -1.0000| -1| M1732
2013.2960| -1.0000| -1| M1733
747.8631| -1.0000| -1| M1738
1679.8972| -1.0000| -1| M1739
2167.1427| -1.0000| -1| M1745
2336.3105| -1.0000| -1| M1746
122.0929| -1.0000| -1| M1747
2052.7010| -1.0000| -1| M1748
2569.6474| -1.0000| -1| M1741
653.8680| -1.0000| -1| M1742
486.1111| -1.0000| -1| M1743
1566.1690| -1.0000| -1| M1744
1503.1214| -1.0000| -1| M1749
2250.8936| -1.0000| -1| M1740
2717.5454| -1.0000| -1| M1712
1625.0185| -1.0000| -1| M1713
2374.7792| -1.0000| -1| M1714
2003.6203| -1.0000| -1| M1715
2135.4729| -1.0000| -1| M1710
1946.4665| -1.0000| -1| M1711
195.1803| -1.0000| -1| M811
2114.1902| -1.0000| -1| M810
1522.1442| -1.0000| -1| M815
2414.1749| -1.0000| -1| M1716
3318.5037| -1.0000| -1| M814
1070.7697| -1.0000| -1| M1717
302.6620| -1.0000| -1| M813
1743.9387| -1.0000| -1| M1718
1658.2716| -1.0000| -1| M812
1034.7536| -1.0000| -1| M1719
794.4539| -1.0000| -1| M819
1982.3092| -1.0000| -1| M818
1494.3589| -1.0000| -1| M817
1321.7907| -1.0000| -1| M1723
3130.3004| -1.0000| -1| M1724
1987.3149| -1.0000| -1| M1725
1672.7999| -1.0000| -1| M1726
1022.5128| -1.0000| -1| M1720
2176.6418| -1.0000| -1| M1721
1923.8921| -1.0000| -1| M1722
1913.8130| -1.0000| -1| M800
2337.5447| -1.0000| -1| M804
2357.0176| -1.0000| -1| M1727
1437.9686| -1.0000| -1| M803
1877.1304| -1.0000| -1| M1728
1537.0614| -1.0000| -1| M802
2587.9632| -1.0000| -1| M1729
1177.0425| -1.0000| -1| M801
2081.6586| -1.0000| -1| M808
725.6334| -1.0000| -1| M806
1865.2114| -1.0000| -1| M805
3095.5046| -1.0000| -1| M809
1963.4599| -1.0000| -1| M1778
2602.8795| -1.0000| -1| M1779
976.5456| -1.0000| -1| M1774
550.3432| -1.0000| -1| M1775
1480.8445| -1.0000| -1| M1776
1554.0574| -1.0000| -1| M1777
320.7527| -1.0000| -1| M833
1280.9443| -1.0000| -1| M832
1216.8419| -1.0000| -1| M831
1438.9461| -1.0000| -1| M830
2681.3198| -1.0000| -1| M837
1912.2468| -1.0000| -1| M836
798.8037| -1.0000| -1| M835
1339.4597| -1.0000| -1| M834
2074.2143| -1.0000| -1| M839
1841.6050| -1.0000| -1| M838
1381.0069| -1.0000| -1| M1770
1173.3706| -1.0000| -1| M1771
1743.2737| -1.0000| -1| M1772
1214.5720| -1.0000| -1| M1773
2328.6330| -1.0000| -1| M1305
1358.7816| -1.0000| -1| M1789
2625.2772| -1.0000| -1| M1306
1377.9041| -1.0000| -1| M1307
2756.8975| -1.0000| -1| M1308
2680.8410| -1.0000| -1| M1301
2238.1700| -1.0000| -1| M1785
2006.2529| -1.0000| -1| M1302
623.0815| -1.0000| -1| M1786
1224.2798| -1.0000| -1| M1303
1421.5854| -1.0000| -1| M1787
1206.7811| -1.0000| -1| M1304
1654.8082| -1.0000| -1| M1788
1749.4344| -1.0000| -1| M822
1103.4975| -1.0000| -1| M821
2021.2289| -1.0000| -1| M820
1185.3507| -1.0000| -1| M826
1869.2405| -1.0000| -1| M1309
501.6228| -1.0000| -1| M825
749.9518| -1.0000| -1| M824
835.3742| -1.0000| -1| M823
1411.7923| -1.0000| -1| M829
1991.5098| -1.0000| -1| M828
1488.6284| -1.0000| -1| M827
697.7462| -1.0000| -1| M1781
2655.6133| -1.0000| -1| M1782
1394.7865| -1.0000| -1| M1783
3878.9324| -1.0000| -1| M1300
760.8808| -1.0000| -1| M1784
1675.4353| -1.0000| -1| M1780
858.3303| -1.0000| -1| M1756
2996.1320| -1.0000| -1| M1757
2078.7283| -1.0000| -1| M1758
2616.3882| -1.0000| -1| M1759
1068.8212| -1.0000| -1| M851
694.6802| -1.0000| -1| M1752
2128.1615| -1.0000| -1| M850
882.3103| -1.0000| -1| M1753
879.7477| -1.0000| -1| M1754
1839.0380| -1.0000| -1| M1755
1081.9430| -1.0000| -1| M855
2214.1662| -1.0000| -1| M854
1473.4237| -1.0000| -1| M853
1366.6788| -1.0000| -1| M852
391.0930| -1.0000| -1| M859
1230.4215| -1.0000| -1| M858
1846.9252| -1.0000| -1| M857
742.3485| -1.0000| -1| M856
851.9933| -1.0000| -1| M1750
1111.0266| -1.0000| -1| M1751
1535.9441| -1.0000| -1| M1767
1741.5905| -1.0000| -1| M1768
1177.2739| -1.0000| -1| M1769
649.6085| -1.0000| -1| M840
2647.6153| -1.0000| -1| M1763
2960.8073| -1.0000| -1| M1764
2381.3340| -1.0000| -1| M1765
1388.4067| -1.0000| -1| M1766
2339.7638| -1.0000| -1| M844
1320.9790| -1.0000| -1| M843
1532.4851| -1.0000| -1| M842
1054.8283| -1.0000| -1| M841
1372.1330| -1.0000| -1| M848
3134.0116| -1.0000| -1| M847
2065.8938| -1.0000| -1| M846
2087.8395| -1.0000| -1| M845
896.2049| -1.0000| -1| M849
1190.2948| -1.0000| -1| M1760
687.5438| -1.0000| -1| M1761
3123.3937| -1.0000| -1| M1762
1957.1438| -1.0000| -1| M1338
2134.5979| -1.0000| -1| M1339
2466.9248| -1.0000| -1| M1
750.9089| -1.0000| -1| M873
2536.8238| -1.0000| -1| M1334
304.5648| -1.0000| -1| M2
846.0364| -1.0000| -1| M872
604.3313| -1.0000| -1| M1335
4258.7065| -1.0000| -1| M3
1477.7659| -1.0000| -1| M871
1754.7286| -1.0000| -1| M1336
3508.0762| -1.0000| -1| M4
818.6648| -1.0000| -1| M870
3044.4807| -1.0000| -1| M1337
3695.8639| -1.0000| -1| M5
1446.7924| -1.0000| -1| M877
3421.2343| -1.0000| -1| M6
2471.0713| -1.0000| -1| M876
446.8235| -1.0000| -1| M7
2724.4969| -1.0000| -1| M875
2571.7656| -1.0000| -1| M8
2301.2132| -1.0000| -1| M874
1422.8942| -1.0000| -1| M9
2162.1318| -1.0000| -1| M879
1262.3971| -1.0000| -1| M878
2441.9247| -1.0000| -1| M1330
894.3683| -1.0000| -1| M1331
2260.3421| -1.0000| -1| M1332
1235.9080| -1.0000| -1| M1333
2281.4096| -1.0000| -1| M1349
1030.0908| -1.0000| -1| M862
506.9449| -1.0000| -1| M1345
551.6340| -1.0000| -1| M861
2025.1119| -1.0000| -1| M1346
955.7442| -1.0000| -1| M860
1649.7588| -1.0000| -1| M1347
1167.6101| -1.0000| -1| M1348
966.7530| -1.0000| -1| M866
1024.0801| -1.0000| -1| M865
2874.2627| -1.0000| -1| M864
643.6201| -1.0000| -1| M863
2336.4030| -1.0000| -1| M869
1031.1394| -1.0000| -1| M868
964.2513| -1.0000| -1| M867
1815.6560| -1.0000| -1| M1341
2324.1257| -1.0000| -1| M1342
1613.6356| -1.0000| -1| M1343
1989.7814| -1.0000| -1| M1344
2830.9923| -1.0000| -1| M1340
2249.5114| -1.0000| -1| M891
1296.3071| -1.0000| -1| M1316
2079.9531| -1.0000| -1| M890
1712.4459| -1.0000| -1| M1317
2545.2503| -1.0000| -1| M1318
1295.6348| -1.0000| -1| M1319
1481.2274| -1.0000| -1| M411
2524.4793| -1.0000| -1| M895
2002.0528| -1.0000| -1| M1312
1120.1023| -1.0000| -1| M1796
1823.0256| -1.0000| -1| M894
2184.3354| -1.0000| -1| M1313
1125.6947| -1.0000| -1| M1797
1171.1388| -1.0000| -1| M893
2934.3294| -1.0000| -1| M1314
2182.3337| -1.0000| -1| M1798
1325.5123| -1.0000| -1| M892
728.2740| -1.0000| -1| M1315
231.6690| -1.0000| -1| M1799
1582.5346| -1.0000| -1| M415
2284.1360| -1.0000| -1| M899
1224.8474| -1.0000| -1| M414
663.0972| -1.0000| -1| M898
1539.3112| -1.0000| -1| M413
825.6382| -1.0000| -1| M897
2188.2449| -1.0000| -1| M896
2724.8617| -1.0000| -1| M419
1234.6610| -1.0000| -1| M418
1311.3740| -1.0000| -1| M417
1433.7844| -1.0000| -1| M1792
763.0917| -1.0000| -1| M1793
2571.1081| -1.0000| -1| M1310
2040.3352| -1.0000| -1| M1794
1411.3030| -1.0000| -1| M1311
769.6309| -1.0000| -1| M1795
1336.1604| -1.0000| -1| M1790
2289.9261| -1.0000| -1| M1791
1217.3594| -1.0000| -1| M880
3123.6560| -1.0000| -1| M1327
788.9240| -1.0000| -1| M1328
774.1092| -1.0000| -1| M1329
2532.9828| -1.0000| -1| M884
1490.3244| -1.0000| -1| M1323
1248.8214| -1.0000| -1| M883
2428.9043| -1.0000| -1| M1324
932.0403| -1.0000| -1| M882
1196.9031| -1.0000| -1| M1325
2206.2152| -1.0000| -1| M881
2972.5419| -1.0000| -1| M1326
1172.1925| -1.0000| -1| M404
408.9549| -1.0000| -1| M888
1770.5959| -1.0000| -1| M403
2305.7481| -1.0000| -1| M887
1649.2947| -1.0000| -1| M402
2860.7662| -1.0000| -1| M886
2197.8680| -1.0000| -1| M885
625.4365| -1.0000| -1| M408
3189.6282| -1.0000| -1| M407
205.3799| -1.0000| -1| M406
871.4302| -1.0000| -1| M405
2153.2209| -1.0000| -1| M889
3330.9394| -1.0000| -1| M409
749.5634| -1.0000| -1| M1320
1616.6663| -1.0000| -1| M1321
1161.4354| -1.0000| -1| M1322
1849.9863| -1.0000| -1| M2229
3930.2406| -1.0000| -1| M433
1603.1495| -1.0000| -1| M1378
1026.0990| -1.0000| -1| M2225
1529.5165| -1.0000| -1| M432
1356.1856| -1.0000| -1| M1379
936.1359| -1.0000| -1| M2226
2175.2261| -1.0000| -1| M431
1762.2844| -1.0000| -1| M2227
2213.4856| -1.0000| -1| M430
1974.6091| -1.0000| -1| M2228
464.5368| -1.0000| -1| M437
1556.3170| -1.0000| -1| M436
2299.8288| -1.0000| -1| M435
1430.2196| -1.0000| -1| M434
1195.8359| -1.0000| -1| M439
1034.4185| -1.0000| -1| M438
1024.0477| -1.0000| -1| M1374
2271.3390| -1.0000| -1| M2221
2242.9742| -1.0000| -1| M1375
1124.1623| -1.0000| -1| M2222
1848.0416| -1.0000| -1| M1376
2795.3638| -1.0000| -1| M2223
2272.4858| -1.0000| -1| M1377
3074.4126| -1.0000| -1| M2224
1045.1357| -1.0000| -1| M1370
4056.9281| -1.0000| -1| M1371
457.2659| -1.0000| -1| M1372
3329.9341| -1.0000| -1| M1373
1373.8832| -1.0000| -1| M2220
780.6678| -1.0000| -1| M422
1448.9360| -1.0000| -1| M1389
884.7125| -1.0000| -1| M2236
590.8057| -1.0000| -1| M421
2546.0462| -1.0000| -1| M2237
2238.7586| -1.0000| -1| M420
2015.3185| -1.0000| -1| M2238
348.5718| -1.0000| -1| M2239
1662.5010| -1.0000| -1| M426
931.3194| -1.0000| -1| M425
2630.7503| -1.0000| -1| M424
3956.7771| -1.0000| -1| M423
2412.8457| -1.0000| -1| M429
1120.1191| -1.0000| -1| M428
1002.1079| -1.0000| -1| M427
3125.7663| -1.0000| -1| M1380
1909.7160| -1.0000| -1| M1385
1630.4021| -1.0000| -1| M2232
1500.6873| -1.0000| -1| M1386
2246.3144| -1.0000| -1| M2233
110.4868| -1.0000| -1| M1387
2506.4293| -1.0000| -1| M2234
769.8550| -1.0000| -1| M1388
1521.2813| -1.0000| -1| M2235
3046.0512| -1.0000| -1| M1381
1384.1638| -1.0000| -1| M1382
2479.2297| -1.0000| -1| M1383
2255.1299| -1.0000| -1| M2230
1059.3386| -1.0000| -1| M1384
1475.7898| -1.0000| -1| M2231
3643.4078| -1.0000| -1| M451
3467.5716| -1.0000| -1| M2207
1016.4547| -1.0000| -1| M450
1329.7870| -1.0000| -1| M2208
2914.9303| -1.0000| -1| M2209
3609.2865| -1.0000| -1| M455
1335.5796| -1.0000| -1| M1356
1987.0308| -1.0000| -1| M2203
1785.8351| -1.0000| -1| M454
1465.7436| -1.0000| -1| M1357
1639.3389| -1.0000| -1| M2204
1886.9384| -1.0000| -1| M1358
733.8118| -1.0000| -1| M2205
1771.7777| -1.0000| -1| M1359
2647.3098| -1.0000| -1| M2206
3244.6009| -1.0000| -1| M459
1649.6594| -1.0000| -1| M458
1075.5712| -1.0000| -1| M457
3342.9302| -1.0000| -1| M456
1824.2336| -1.0000| -1| M1352
1682.8428| -1.0000| -1| M1353
2153.7567| -1.0000| -1| M2200
1937.8610| -1.0000| -1| M1354
1757.1615| -1.0000| -1| M2201
3810.1729| -1.0000| -1| M1355
1657.0916| -1.0000| -1| M2202
3004.0848| -1.0000| -1| M1350
885.4980| -1.0000| -1| M1351
1345.2869| -1.0000| -1| M440
1808.1022| -1.0000| -1| M2218
1992.6756| -1.0000| -1| M2219
2255.1981| -1.0000| -1| M444
1094.9524| -1.0000| -1| M1367
2333.4345| -1.0000| -1| M2214
835.2632| -1.0000| -1| M443
1866.6737| -1.0000| -1| M1368
3803.4902| -1.0000| -1| M2215
2617.8597| -1.0000| -1| M442
2441.6530| -1.0000| -1| M1369
1321.7410| -1.0000| -1| M2216
1070.8193| -1.0000| -1| M441
3430.5295| -1.0000| -1| M2217
2017.2509| -1.0000| -1| M448
3156.5352| -1.0000| -1| M447
3323.3720| -1.0000| -1| M446
3196.6952| -1.0000| -1| M445
209.6114| -1.0000| -1| M449
2547.3268| -1.0000| -1| M1363
2405.8974| -1.0000| -1| M2210
395.6401| -1.0000| -1| M1364
4162.2457| -1.0000| -1| M2211
3367.5619| -1.0000| -1| M1365
1152.9083| -1.0000| -1| M2212
724.3570| -1.0000| -1| M1366
502.9760| -1.0000| -1| M2213
2729.7343| -1.0000| -1| M1360
2285.5393| -1.0000| -1| M1361
1554.7908| -1.0000| -1| M1362
1845.7992| -1.0000| -1| M473
1584.4545| -1.0000| -1| M472
887.2176| -1.0000| -1| M471
869.2635| -1.0000| -1| M470
1583.0756| -1.0000| -1| M477
1144.0112| -1.0000| -1| M2269
1766.0891| -1.0000| -1| M476
527.1296| -1.0000| -1| M475
1804.8152| -1.0000| -1| M474
369.0457| -1.0000| -1| M479
2659.3236| -1.0000| -1| M478
1150.0918| -1.0000| -1| M2260
4078.0421| -1.0000| -1| M2265
2246.2434| -1.0000| -1| M2266
1268.1396| -1.0000| -1| M2267
1441.8395| -1.0000| -1| M2268
1314.4441| -1.0000| -1| M480
3467.1940| -1.0000| -1| M2261
1922.3695| -1.0000| -1| M2262
1184.2099| -1.0000| -1| M2263
2587.4999| -1.0000| -1| M2264
640.1542| -1.0000| -1| M462
902.8493| -1.0000| -1| M461
125.5143| -1.0000| -1| M460
1713.0899| -1.0000| -1| M466
409.2222| -1.0000| -1| M465
1777.0527| -1.0000| -1| M464
1569.3843| -1.0000| -1| M463
1512.2182| -1.0000| -1| M469
827.5505| -1.0000| -1| M468
1491.1325| -1.0000| -1| M467
3388.5338| -1.0000| -1| M2270
3269.2221| -1.0000| -1| M2271
1839.1500| -1.0000| -1| M2276
1478.1363| -1.0000| -1| M2277
1289.3825| -1.0000| -1| M2278
1852.8836| -1.0000| -1| M2279
1798.2387| -1.0000| -1| M2272
1420.8920| -1.0000| -1| M2273
1517.6533| -1.0000| -1| M2274
1684.6792| -1.0000| -1| M2275
1039.1980| -1.0000| -1| M494
340.1875| -1.0000| -1| M493
3369.4443| -1.0000| -1| M492
1723.4334| -1.0000| -1| M499
3156.1346| -1.0000| -1| M2247
938.7143| -1.0000| -1| M498
2287.3526| -1.0000| -1| M2248
1490.8357| -1.0000| -1| M497
731.9453| -1.0000| -1| M2249
1515.8445| -1.0000| -1| M496
1926.4166| -1.0000| -1| M1390
2526.6264| -1.0000| -1| M1391
1715.4959| -1.0000| -1| M1396
1252.0310| -1.0000| -1| M2243
1242.8749| -1.0000| -1| M1397
2193.5739| -1.0000| -1| M2244
2015.1817| -1.0000| -1| M1398
2596.8599| -1.0000| -1| M2245
2447.5874| -1.0000| -1| M1399
710.0420| -1.0000| -1| M2246
1457.5601| -1.0000| -1| M1392
1899.4099| -1.0000| -1| M1393
2412.2367| -1.0000| -1| M2240
2283.3745| -1.0000| -1| M1394
2052.5422| -1.0000| -1| M2241
792.1323| -1.0000| -1| M1395
1507.0973| -1.0000| -1| M2242
2430.2583| -1.0000| -1| M484
2160.9563| -1.0000| -1| M483
1508.7849| -1.0000| -1| M482
887.7943| -1.0000| -1| M488
1409.9501| -1.0000| -1| M2258
2047.2281| -1.0000| -1| M487
1431.2664| -1.0000| -1| M2259
865.3713| -1.0000| -1| M486
944.3528| -1.0000| -1| M485
3135.7511| -1.0000| -1| M489
407.2755| -1.0000| -1| M2254
2045.3652| -1.0000| -1| M2255
911.4590| -1.0000| -1| M2256
1881.8520| -1.0000| -1| M2257
881.5024| -1.0000| -1| M2250
873.0577| -1.0000| -1| M490
1217.9505| -1.0000| -1| M2251
444.4306| -1.0000| -1| M2252
3314.0413| -1.0000| -1| M2253
1414.8637| -1.0000| -1| M2280
486.9740| -1.0000| -1| M2281
1874.1340| -1.0000| -1| M2282
1441.4517| -1.0000| -1| M2287
527.3191| -1.0000| -1| M2288
1609.7956| -1.0000| -1| M2289
1266.4535| -1.0000| -1| M2283
1203.7678| -1.0000| -1| M2284
1955.8821| -1.0000| -1| M2285
1330.6449| -1.0000| -1| M2286
1907.3547| -1.0000| -1| M2290
1770.2106| -1.0000| -1| M2291
729.2206| -1.0000| -1| M2292
1626.0886| -1.0000| -1| M2293
1308.2207| -1.0000| -1| M2298
681.2886| -1.0000| -1| M2299
2090.6142| -1.0000| -1| M2294
794.2067| -1.0000| -1| M2295
1404.1957| -1.0000| -1| M2296
1199.2596| -1.0000| -1| M2297
1173.2904| -1.0000| -1| M1613
3695.0452| -1.0000| -1| M1614
1055.8603| -1.0000| -1| M1615
885.2323| -1.0000| -1| M1616
656.8750| -1.0000| -1| M1610
842.0853| -1.0000| -1| M1611
1273.0404| -1.0000| -1| M1612
2061.2256| -1.0000| -1| M910
1347.1461| -1.0000| -1| M914
788.9181| -1.0000| -1| M1617
1017.1359| -1.0000| -1| M913
2462.1582| -1.0000| -1| M1618
1521.0867| -1.0000| -1| M912
2942.3812| -1.0000| -1| M1619
1454.0849| -1.0000| -1| M911
1251.2419| -1.0000| -1| M918
900.8720| -1.0000| -1| M917
162.0290| -1.0000| -1| M916
699.5634| -1.0000| -1| M915
1274.8266| -1.0000| -1| M919
659.8099| -1.0000| -1| M1624
499.8371| -1.0000| -1| M1625
3415.8948| -1.0000| -1| M1626
2244.4893| -1.0000| -1| M1627
2694.0255| -1.0000| -1| M1620
2334.8616| -1.0000| -1| M1621
1430.6651| -1.0000| -1| M1622
2769.4062| -1.0000| -1| M1623
1452.5736| -1.0000| -1| M903
1046.3252| -1.0000| -1| M1628
2412.3653| -1.0000| -1| M902
1348.5857| -1.0000| -1| M1629
2622.9404| -1.0000| -1| M901
2136.8177| -1.0000| -1| M900
2507.4211| -1.0000| -1| M907
3466.5775| -1.0000| -1| M906
587.5614| -1.0000| -1| M905
3208.2385| -1.0000| -1| M904
3131.5049| -1.0000| -1| M909
2371.6329| -1.0000| -1| M908
2189.8121| -1.0000| -1| M932
3103.0064| -1.0000| -1| M931
2682.8925| -1.0000| -1| M930
2191.5208| -1.0000| -1| M936
3693.9355| -1.0000| -1| M935
1110.6002| -1.0000| -1| M934
936.4518| -1.0000| -1| M933
2664.5647| -1.0000| -1| M939
1142.3131| -1.0000| -1| M938
925.9736| -1.0000| -1| M937
1188.6923| -1.0000| -1| M1602
3263.8580| -1.0000| -1| M1603
1970.9994| -1.0000| -1| M1604
789.4598| -1.0000| -1| M1605
1793.8052| -1.0000| -1| M1600
1155.0281| -1.0000| -1| M1601
1757.5463| -1.0000| -1| M921
1701.4184| -1.0000| -1| M920
1923.8808| -1.0000| -1| M925
2502.5757| -1.0000| -1| M1606
687.4321| -1.0000| -1| M924
1521.9710| -1.0000| -1| M1607
560.0396| -1.0000| -1| M923
1504.8627| -1.0000| -1| M1608
1869.3679| -1.0000| -1| M922
1919.8520| -1.0000| -1| M1609
1981.5983| -1.0000| -1| M929
404.2576| -1.0000| -1| M928
1621.1730| -1.0000| -1| M927
905.9093| -1.0000| -1| M926
696.5414| -1.0000| -1| M1657
2347.4462| -1.0000| -1| M2504
2852.7652| -1.0000| -1| M1658
456.6693| -1.0000| -1| M1659
512.5003| -1.0000| -1| M950
1886.6399| -1.0000| -1| M1653
2117.0217| -1.0000| -1| M2500
735.5772| -1.0000| -1| M1654
2220.2716| -1.0000| -1| M2501
2036.1663| -1.0000| -1| M1655
593.4011| -1.0000| -1| M2502
2816.6380| -1.0000| -1| M1656
653.8614| -1.0000| -1| M2503
522.1263| -1.0000| -1| M954
422.4967| -1.0000| -1| M953
1167.2972| -1.0000| -1| M952
133.5436| -1.0000| -1| M951
3129.2511| -1.0000| -1| M958
293.4861| -1.0000| -1| M957
1915.8686| -1.0000| -1| M956
1703.4732| -1.0000| -1| M955
2077.5254| -1.0000| -1| M959
1424.8810| -1.0000| -1| M1650
2032.2408| -1.0000| -1| M1651
285.1461| -1.0000| -1| M1652
779.8750| -1.0000| -1| M1668
1070.7771| -1.0000| -1| M1669
1183.2250| -1.0000| -1| M1664
2294.6795| -1.0000| -1| M1665
670.4821| -1.0000| -1| M1666
1215.2878| -1.0000| -1| M1667
1436.3306| -1.0000| -1| M943
3042.5430| -1.0000| -1| M942
642.8124| -1.0000| -1| M941
1952.0769| -1.0000| -1| M940
1606.5148| -1.0000| -1| M947
1549.1169| -1.0000| -1| M946
598.8125| -1.0000| -1| M945
2155.1592| -1.0000| -1| M944
1746.5318| -1.0000| -1| M949
2596.1265| -1.0000| -1| M948
711.7801| -1.0000| -1| M1660
306.0332| -1.0000| -1| M1661
859.3897| -1.0000| -1| M1662
1583.2846| -1.0000| -1| M1663
1663.4282| -1.0000| -1| M1635
589.1798| -1.0000| -1| M1636
1840.3733| -1.0000| -1| M1637
1587.6507| -1.0000| -1| M1638
2380.2020| -1.0000| -1| M972
2089.4013| -1.0000| -1| M1631
860.1940| -1.0000| -1| M971
981.7655| -1.0000| -1| M1632
1538.4589| -1.0000| -1| M970
2792.7738| -1.0000| -1| M1633
1971.5531| -1.0000| -1| M1634
356.7511| -1.0000| -1| M976
802.5300| -1.0000| -1| M975
1086.9736| -1.0000| -1| M974
758.6621| -1.0000| -1| M973
589.0231| -1.0000| -1| M1639
1661.6048| -1.0000| -1| M979
2634.1901| -1.0000| -1| M978
1552.2874| -1.0000| -1| M977
957.4023| -1.0000| -1| M1630
2186.5752| -1.0000| -1| M1646
3393.6314| -1.0000| -1| M1647
534.1402| -1.0000| -1| M1648
1161.6851| -1.0000| -1| M1649
396.4951| -1.0000| -1| M961
2839.1091| -1.0000| -1| M1642
1370.8837| -1.0000| -1| M960
368.3242| -1.0000| -1| M1643
1587.7522| -1.0000| -1| M1644
1163.2224| -1.0000| -1| M1645
375.3479| -1.0000| -1| M965
1490.6150| -1.0000| -1| M964
1069.5192| -1.0000| -1| M963
1427.7800| -1.0000| -1| M962
682.0467| -1.0000| -1| M969
360.1310| -1.0000| -1| M968
1446.4611| -1.0000| -1| M967
1474.0976| -1.0000| -1| M966
1454.6282| -1.0000| -1| M1640
765.9419| -1.0000| -1| M1641
524.6650| -1.0000| -1| M990
2600.5911| -1.0000| -1| M1217
1149.9934| -1.0000| -1| M1218
1305.7762| -1.0000| -1| M1219
1905.6409| -1.0000| -1| M510
1753.8415| -1.0000| -1| M994
2197.9273| -1.0000| -1| M1213
2857.0666| -1.0000| -1| M1697
2784.6906| -1.0000| -1| M993
2191.3245| -1.0000| -1| M1214
1041.2600| -1.0000| -1| M1698
1090.5755| -1.0000| -1| M992
1369.0311| -1.0000| -1| M1215
1673.6268| -1.0000| -1| M1699
417.8273| -1.0000| -1| M991
2719.6299| -1.0000| -1| M1216
1285.8297| -1.0000| -1| M514
1507.3372| -1.0000| -1| M998
455.2822| -1.0000| -1| M513
1432.9060| -1.0000| -1| M997
2871.2354| -1.0000| -1| M512
1658.1054| -1.0000| -1| M996
1895.9517| -1.0000| -1| M511
607.0495| -1.0000| -1| M995
1720.4742| -1.0000| -1| M518
1776.5530| -1.0000| -1| M517
2929.2659| -1.0000| -1| M516
961.7656| -1.0000| -1| M515
1336.2971| -1.0000| -1| M999
3071.8127| -1.0000| -1| M1693
1579.5526| -1.0000| -1| M1210
2574.0897| -1.0000| -1| M1694
804.6387| -1.0000| -1| M1211
578.4898| -1.0000| -1| M1695
1347.4385| -1.0000| -1| M1212
557.5044| -1.0000| -1| M1696
879.8233| -1.0000| -1| M1690
2649.2568| -1.0000| -1| M1691
2003.8530| -1.0000| -1| M1692
1031.5409| -1.0000| -1| M1228
920.8425| -1.0000| -1| M1229
1472.1697| -1.0000| -1| M983
1187.6642| -1.0000| -1| M1224
1015.4860| -1.0000| -1| M982
454.8621| -1.0000| -1| M1225
3184.4424| -1.0000| -1| M981
1933.8800| -1.0000| -1| M1226
787.6965| -1.0000| -1| M980
1788.5728| -1.0000| -1| M1227
1966.1846| -1.0000| -1| M503
1612.4276| -1.0000| -1| M987
550.9304| -1.0000| -1| M502
1373.5056| -1.0000| -1| M986
1601.7837| -1.0000| -1| M501
1826.4290| -1.0000| -1| M985
1994.5022| -1.0000| -1| M500
2115.4585| -1.0000| -1| M984
2242.8877| -1.0000| -1| M507
2102.1774| -1.0000| -1| M506
1340.8901| -1.0000| -1| M505
2459.0851| -1.0000| -1| M989
1044.0089| -1.0000| -1| M504
2278.7747| -1.0000| -1| M988
2394.5439| -1.0000| -1| M509
924.9786| -1.0000| -1| M508
535.0394| -1.0000| -1| M1220
905.4887| -1.0000| -1| M1221
2099.4361| -1.0000| -1| M1222
604.5913| -1.0000| -1| M1223
1198.8613| -1.0000| -1| M1679
1430.4298| -1.0000| -1| M532
1493.2426| -1.0000| -1| M1675
743.6080| -1.0000| -1| M1676
1135.9441| -1.0000| -1| M530
2065.0479| -1.0000| -1| M1677
1689.0328| -1.0000| -1| M1678
2181.9959| -1.0000| -1| M536
2856.4314| -1.0000| -1| M535
607.5613| -1.0000| -1| M534
3055.9395| -1.0000| -1| M539
1827.7998| -1.0000| -1| M538
847.9513| -1.0000| -1| M537
755.6291| -1.0000| -1| M1671
1185.1005| -1.0000| -1| M1672
340.3804| -1.0000| -1| M1673
925.6203| -1.0000| -1| M1674
1743.9703| -1.0000| -1| M1670
1742.0624| -1.0000| -1| M1206
1732.7222| -1.0000| -1| M1207
363.9084| -1.0000| -1| M1208
1565.0898| -1.0000| -1| M1209
783.3384| -1.0000| -1| M521
956.1490| -1.0000| -1| M1202
2195.5303| -1.0000| -1| M1686
823.0297| -1.0000| -1| M520
2072.2375| -1.0000| -1| M1203
3685.2530| -1.0000| -1| M1687
954.4398| -1.0000| -1| M1204
1645.6700| -1.0000| -1| M1688
1258.4457| -1.0000| -1| M1205
1125.8259| -1.0000| -1| M1689
3054.0292| -1.0000| -1| M525
1635.8170| -1.0000| -1| M524
621.4550| -1.0000| -1| M523
601.7671| -1.0000| -1| M522
3924.9281| -1.0000| -1| M529
1943.8689| -1.0000| -1| M528
1650.3315| -1.0000| -1| M527
713.0344| -1.0000| -1| M526
1065.6392| -1.0000| -1| M1682
1341.1322| -1.0000| -1| M1683
1879.0775| -1.0000| -1| M1200
326.5551| -1.0000| -1| M1684
1032.2945| -1.0000| -1| M1201
1320.5371| -1.0000| -1| M1685
2427.6056| -1.0000| -1| M1680
1421.3410| -1.0000| -1| M1681
1293.8394| -1.0000| -1| M550
2656.7223| -1.0000| -1| M2108
1792.2899| -1.0000| -1| M2109
2009.4004| -1.0000| -1| M554
1833.3869| -1.0000| -1| M1257
839.5727| -1.0000| -1| M2104
1447.7946| -1.0000| -1| M553
717.3821| -1.0000| -1| M1258
1675.8361| -1.0000| -1| M2105
3871.2830| -1.0000| -1| M552
1223.4143| -1.0000| -1| M1259
1145.5606| -1.0000| -1| M2106
2381.3404| -1.0000| -1| M551
1687.6428| -1.0000| -1| M2107
2242.9338| -1.0000| -1| M558
1360.2401| -1.0000| -1| M557
2369.6408| -1.0000| -1| M556
3845.3355| -1.0000| -1| M559
1111.5767| -1.0000| -1| M1253
1366.4739| -1.0000| -1| M2100
2013.0520| -1.0000| -1| M1254
711.8443| -1.0000| -1| M2101
1996.9727| -1.0000| -1| M1255
897.7980| -1.0000| -1| M2102
1323.1899| -1.0000| -1| M1256
3178.7286| -1.0000| -1| M2103
3016.8404| -1.0000| -1| M1250
1151.5236| -1.0000| -1| M1251
632.2327| -1.0000| -1| M1252
97.8088| -1.0000| -1| M2119
2003.1954| -1.0000| -1| M543
1794.6358| -1.0000| -1| M1268
1083.3536| -1.0000| -1| M2115
2619.4963| -1.0000| -1| M542
1266.6794| -1.0000| -1| M1269
2272.7532| -1.0000| -1| M2116
1897.3308| -1.0000| -1| M541
452.9233| -1.0000| -1| M2117
2161.3981| -1.0000| -1| M540
902.2746| -1.0000| -1| M2118
1244.3434| -1.0000| -1| M547
1895.2034| -1.0000| -1| M546
873.7492| -1.0000| -1| M545
1564.0152| -1.0000| -1| M544
1034.4611| -1.0000| -1| M549
1831.4528| -1.0000| -1| M548
2353.3346| -1.0000| -1| M1264
939.3661| -1.0000| -1| M2111
1651.3611| -1.0000| -1| M1265
961.4847| -1.0000| -1| M2112
891.4788| -1.0000| -1| M1266
1670.5789| -1.0000| -1| M2113
2818.0519| -1.0000| -1| M1267
2256.5930| -1.0000| -1| M2114
2094.4440| -1.0000| -1| M1260
1572.8348| -1.0000| -1| M1261
2741.2973| -1.0000| -1| M1262
1557.9084| -1.0000| -1| M1263
1103.1718| -1.0000| -1| M2110
568.6812| -1.0000| -1| M572
811.9689| -1.0000| -1| M1239
2286.3437| -1.0000| -1| M571
1329.0538| -1.0000| -1| M570
1042.6010| -1.0000| -1| M576
2252.4862| -1.0000| -1| M1235
1098.0388| -1.0000| -1| M575
2463.9189| -1.0000| -1| M1236
2136.4523| -1.0000| -1| M574
588.5321| -1.0000| -1| M1237
346.9951| -1.0000| -1| M573
2327.1678| -1.0000| -1| M1238
3529.5222| -1.0000| -1| M579
1570.7175| -1.0000| -1| M578
1172.8725| -1.0000| -1| M577
1379.9586| -1.0000| -1| M1231
1071.3416| -1.0000| -1| M1232
963.1602| -1.0000| -1| M1233
1052.4832| -1.0000| -1| M1234
1310.3468| -1.0000| -1| M1230
2277.1747| -1.0000| -1| M561
1482.7671| -1.0000| -1| M560
1045.3669| -1.0000| -1| M565
2019.6207| -1.0000| -1| M1246
2157.4111| -1.0000| -1| M564
1450.0203| -1.0000| -1| M1247
961.2211| -1.0000| -1| M563
2495.0406| -1.0000| -1| M1248
2349.1142| -1.0000| -1| M562
1570.0020| -1.0000| -1| M1249
1583.5342| -1.0000| -1| M569
2152.1476| -1.0000| -1| M568
2922.2396| -1.0000| -1| M567
1178.5104| -1.0000| -1| M1242
565.1905| -1.0000| -1| M1243
983.5464| -1.0000| -1| M1244
1238.7447| -1.0000| -1| M1245
3077.7644| -1.0000| -1| M1240
1322.8495| -1.0000| -1| M1241
3039.4908| -1.0000| -1| M594
1878.8193| -1.0000| -1| M593
1426.9625| -1.0000| -1| M591
2363.1226| -1.0000| -1| M114
1743.9193| -1.0000| -1| M598
2040.9305| -1.0000| -1| M2148
1088.7322| -1.0000| -1| M113
777.3080| -1.0000| -1| M597
1902.9362| -1.0000| -1| M2149
1391.6836| -1.0000| -1| M112
1126.5442| -1.0000| -1| M596
1599.6502| -1.0000| -1| M111
1881.9746| -1.0000| -1| M595
2038.3038| -1.0000| -1| M118
2573.0112| -1.0000| -1| M117
1560.4946| -1.0000| -1| M116
332.2314| -1.0000| -1| M115
984.9588| -1.0000| -1| M599
3315.4933| -1.0000| -1| M119
4111.4259| -1.0000| -1| M1290
3578.7649| -1.0000| -1| M1291
1205.1490| -1.0000| -1| M1292
1310.3576| -1.0000| -1| M1297
1610.5331| -1.0000| -1| M2144
1502.1064| -1.0000| -1| M1298
1607.1299| -1.0000| -1| M2145
1690.9818| -1.0000| -1| M1299
518.0539| -1.0000| -1| M2146
598.2679| -1.0000| -1| M2147
3005.0424| -1.0000| -1| M1293
1289.4691| -1.0000| -1| M2140
1412.6513| -1.0000| -1| M1294
1901.8103| -1.0000| -1| M2141
1952.1145| -1.0000| -1| M1295
1915.5703| -1.0000| -1| M2142
1737.4221| -1.0000| -1| M1296
1423.0706| -1.0000| -1| M2143
2849.3929| -1.0000| -1| M583
1834.5167| -1.0000| -1| M582
1566.1509| -1.0000| -1| M581
934.9739| -1.0000| -1| M580
588.6247| -1.0000| -1| M103
1597.0485| -1.0000| -1| M587
135.2900| -1.0000| -1| M2159
836.8134| -1.0000| -1| M102
1049.8775| -1.0000| -1| M586
1475.5343| -1.0000| -1| M101
1562.6029| -1.0000| -1| M585
2639.5748| -1.0000| -1| M100
1696.6774| -1.0000| -1| M584
1920.2418| -1.0000| -1| M107
2899.5830| -1.0000| -1| M106
1997.2940| -1.0000| -1| M105
1213.8780| -1.0000| -1| M589
2216.1505| -1.0000| -1| M104
2720.6475| -1.0000| -1| M588
1674.4775| -1.0000| -1| M109
1356.9583| -1.0000| -1| M108
1674.5948| -1.0000| -1| M2150
1397.3205| -1.0000| -1| M2155
2481.2430| -1.0000| -1| M2156
2675.4268| -1.0000| -1| M2157
2456.7613| -1.0000| -1| M2158
2177.0641| -1.0000| -1| M590
1926.0640| -1.0000| -1| M2151
1813.4814| -1.0000| -1| M2152
521.5224| -1.0000| -1| M2153
1332.3543| -1.0000| -1| M2154
1368.1331| -1.0000| -1| M132
1312.6812| -1.0000| -1| M131
2120.1469| -1.0000| -1| M130
830.7793| -1.0000| -1| M136
1223.6342| -1.0000| -1| M1279
2873.9725| -1.0000| -1| M2126
1281.7810| -1.0000| -1| M135
1626.9118| -1.0000| -1| M2127
1931.9752| -1.0000| -1| M134
1081.8134| -1.0000| -1| M2128
1460.0360| -1.0000| -1| M133
937.6512| -1.0000| -1| M2129
1762.3080| -1.0000| -1| M139
1534.9051| -1.0000| -1| M138
1078.8675| -1.0000| -1| M137
1932.1873| -1.0000| -1| M1270
2000.1764| -1.0000| -1| M1275
1325.0119| -1.0000| -1| M2122
852.0160| -1.0000| -1| M1276
312.0002| -1.0000| -1| M2123
1292.5946| -1.0000| -1| M1277
1191.0929| -1.0000| -1| M2124
1782.8665| -1.0000| -1| M1278
1681.8337| -1.0000| -1| M2125
2427.0144| -1.0000| -1| M1271
2244.8304| -1.0000| -1| M1272
2174.2009| -1.0000| -1| M1273
2602.6689| -1.0000| -1| M2120
1389.2825| -1.0000| -1| M1274
531.6016| -1.0000| -1| M2121
2424.7408| -1.0000| -1| M121
1070.3370| -1.0000| -1| M120
2409.8168| -1.0000| -1| M125
977.6321| -1.0000| -1| M2137
988.8749| -1.0000| -1| M124
1575.2185| -1.0000| -1| M2138
2003.9441| -1.0000| -1| M123
520.7531| -1.0000| -1| M2139
1691.6952| -1.0000| -1| M122
1624.1036| -1.0000| -1| M129
1503.9011| -1.0000| -1| M128
1018.9700| -1.0000| -1| M126
1580.8461| -1.0000| -1| M1280
293.1441| -1.0000| -1| M1281
2348.4988| -1.0000| -1| M1286
2498.6860| -1.0000| -1| M2133
618.1503| -1.0000| -1| M1287
2030.0772| -1.0000| -1| M2134
1260.5544| -1.0000| -1| M1288
2821.0644| -1.0000| -1| M2135
2406.2263| -1.0000| -1| M1289
1730.7501| -1.0000| -1| M2136
1200.1148| -1.0000| -1| M1282
2048.3648| -1.0000| -1| M1283
1752.9267| -1.0000| -1| M2130
241.4258| -1.0000| -1| M1284
673.0076| -1.0000| -1| M2131
1345.9308| -1.0000| -1| M1285
1343.5106| -1.0000| -1| M2132
560.6135| -1.0000| -1| M154
1317.1012| -1.0000| -1| M152
3016.8179| -1.0000| -1| M151
1369.5068| -1.0000| -1| M158
2312.2368| -1.0000| -1| M157
495.9235| -1.0000| -1| M156
1704.8006| -1.0000| -1| M155
1978.8910| -1.0000| -1| M2180
890.7110| -1.0000| -1| M2181
1824.1091| -1.0000| -1| M2182
753.2522| -1.0000| -1| M2183
2329.1533| -1.0000| -1| M2188
761.1342| -1.0000| -1| M2189
476.4403| -1.0000| -1| M161
2689.1070| -1.0000| -1| M2184
3327.8063| -1.0000| -1| M160
1537.4078| -1.0000| -1| M2185
603.4490| -1.0000| -1| M2186
1856.0688| -1.0000| -1| M2187
3041.6276| -1.0000| -1| M143
2415.2244| -1.0000| -1| M142
3400.0928| -1.0000| -1| M141
2232.2130| -1.0000| -1| M140
2141.3789| -1.0000| -1| M147
855.0810| -1.0000| -1| M146
2330.1137| -1.0000| -1| M145
666.8496| -1.0000| -1| M144
1235.5370| -1.0000| -1| M149
2430.1788| -1.0000| -1| M148
1175.3838| -1.0000| -1| M2191
1390.8695| -1.0000| -1| M2192
2343.6820| -1.0000| -1| M2193
843.3913| -1.0000| -1| M2194
2221.6768| -1.0000| -1| M2190
638.0115| -1.0000| -1| M2199
868.7857| -1.0000| -1| M150
3170.8401| -1.0000| -1| M2195
1037.4624| -1.0000| -1| M2196
1423.7435| -1.0000| -1| M2197
534.0792| -1.0000| -1| M2198
2366.5397| -1.0000| -1| M176
3391.8238| -1.0000| -1| M175
865.8208| -1.0000| -1| M174
2820.1388| -1.0000| -1| M173
1898.1440| -1.0000| -1| M179
2142.0105| -1.0000| -1| M178
1826.4651| -1.0000| -1| M177
1353.5138| -1.0000| -1| M2160
1439.3331| -1.0000| -1| M2161
2769.7963| -1.0000| -1| M2166
1372.8836| -1.0000| -1| M2167
1746.0257| -1.0000| -1| M2168
2042.8208| -1.0000| -1| M2169
1457.6271| -1.0000| -1| M183
2312.2435| -1.0000| -1| M2162
992.2311| -1.0000| -1| M182
2295.9884| -1.0000| -1| M2163
1531.3167| -1.0000| -1| M2164
1502.4120| -1.0000| -1| M180
993.2648| -1.0000| -1| M2165
1018.2150| -1.0000| -1| M165
2602.7158| -1.0000| -1| M164
1860.2817| -1.0000| -1| M163
1247.2828| -1.0000| -1| M162
1099.7591| -1.0000| -1| M169
3168.5749| -1.0000| -1| M168
1679.0353| -1.0000| -1| M167
3311.0012| -1.0000| -1| M166
1052.1310| -1.0000| -1| M2170
485.4395| -1.0000| -1| M2171
1400.7039| -1.0000| -1| M2172
1003.4287| -1.0000| -1| M2177
1265.5755| -1.0000| -1| M2178
3131.1247| -1.0000| -1| M2179
913.2641| -1.0000| -1| M172
1947.3354| -1.0000| -1| M2173
2530.2021| -1.0000| -1| M171
1548.3818| -1.0000| -1| M2174
874.4180| -1.0000| -1| M170
1215.6102| -1.0000| -1| M2175
1348.2036| -1.0000| -1| M2176
1159.8537| -1.0000| -1| M198
831.9342| -1.0000| -1| M197
1974.7002| -1.0000| -1| M196
1410.2815| -1.0000| -1| M195
2669.6083| -1.0000| -1| M199
1190.6181| -1.0000| -1| M187
1386.5050| -1.0000| -1| M186
1171.5399| -1.0000| -1| M185
1333.8537| -1.0000| -1| M184
1724.1819| -1.0000| -1| M189
416.7698| -1.0000| -1| M190
1100.1651| -1.0000| -1| M194
2258.5746| -1.0000| -1| M193
1608.5440| -1.0000| -1| M192
428.4894| -1.0000| -1| M191
