# Scenario DistanceDelayReport
# distance at msg send, delivery time, hop count, MSG_ID
469.0557| 146.0000| 2| M19
741.6332| 741.9000| 2| M7
970.5604| 446.9000| 4| M24
1742.6464| 1108.2000| 2| M2
1460.1880| 1229.6000| 3| M12
1448.6099| 986.5000| 3| M26
267.3916| 1788.0000| 6| M1
799.0033| 1752.9000| 4| M11
277.5884| 567.0000| 1| M57
1281.5617| 1902.0000| 6| M15
1497.5083| 1901.8000| 5| M23
293.2567| 1340.0000| 5| M42
1443.9194| 1190.7000| 1| M48
884.4625| 457.3000| 1| M83
2212.2410| 2250.7000| 3| M25
1028.8697| 2233.4000| 4| M32
1156.1301| 2925.7000| 5| M9
283.7200| 1030.0000| 2| M88
2262.3502| 1787.1000| 1| M63
1112.9885| 2951.3000| 6| M29
960.0209| 412.5000| 1| M119
3365.7623| 3909.0000| 4| M4
2292.5050| 2030.7000| 2| M69
427.5020| 3256.9000| 2| M38
1421.1354| 2236.2000| 4| M79
20.3202| 2316.7000| 6| M77
1763.2144| 2731.8000| 3| M74
959.9992| 492.8000| 1| M151
881.7224| 943.8000| 2| M141
1067.9390| 4085.4000| 6| M44
621.0681| 1362.8000| 5| M137
1031.5461| 4453.7000| 6| M34
1226.3754| 340.9000| 1| M173
2634.0937| 4089.7000| 6| M47
275.5702| 3827.2000| 3| M65
411.9342| 1002.4000| 4| M161
916.6893| 885.1000| 3| M177
1187.8781| 3352.6000| 5| M93
1902.3634| 5923.6000| 7| M13
171.9648| 309.8000| 2| M203
1316.2717| 1619.5000| 2| M163
643.2427| 4516.9000| 6| M73
2750.5111| 3106.3000| 2| M123
572.1381| 112.1000| 1| M232
225.1801| 6499.3000| 4| M18
1006.5392| 6764.2000| 12| M14
1222.2389| 3897.2000| 6| M111
74.1600| 95.8000| 1| M243
1243.9016| 2981.4000| 2| M146
753.6249| 2940.0000| 6| M157
1104.4915| 6765.6000| 11| M36
1693.7282| 3596.3000| 2| M154
768.2235| 1112.5000| 1| M239
543.5264| 3348.1000| 1| M168
664.4556| 3274.1000| 2| M171
2904.0829| 1825.6000| 4| M224
1455.1611| 7782.4000| 3| M27
744.2698| 2830.1000| 1| M197
715.5517| 2927.8000| 4| M194
1274.7711| 4645.7000| 5| M147
1566.9410| 2002.4000| 1| M237
1138.6233| 3440.3000| 4| M190
3786.5727| 4878.3000| 5| M142
845.4287| 1105.1000| 1| M279
1776.7005| 6001.6000| 6| M117
1859.0435| 5559.2000| 7| M133
1969.5394| 2869.0000| 6| M226
1797.6864| 6760.0000| 10| M98
1748.3690| 1696.9000| 3| M272
1820.4389| 3603.6000| 3| M210
1631.4353| 3192.8000| 1| M227
1134.7936| 2750.1000| 2| M244
1568.5317| 9083.6000| 4| M45
1317.8313| 2432.0000| 3| M270
1972.5454| 2017.0000| 1| M285
1618.1241| 665.9000| 2| M333
949.9404| 3274.6000| 6| M251
1916.7752| 4174.5000| 4| M222
1760.3097| 10103.7000| 8| M28
1467.1678| 10390.2000| 16| M21
2187.1042| 411.7000| 2| M364
1890.8620| 1724.3000| 4| M325
627.5668| 2768.5000| 4| M289
1201.7944| 6966.6000| 9| M149
295.8913| 1209.9000| 4| M355
782.2994| 10768.1000| 7| M33
1681.1996| 8437.7000| 2| M125
1825.7029| 4273.9000| 4| M273
3360.1481| 3234.6000| 4| M311
2274.4396| 1429.1000| 1| M378
516.9453| 4525.2000| 3| M274
1227.0437| 7956.5000| 4| M159
1193.3468| 5402.4000| 8| M248
1027.4986| 7488.0000| 4| M184
1437.1474| 2602.3000| 5| M352
1960.5839| 10265.7000| 8| M90
829.2337| 1199.1000| 1| M404
2198.6197| 11431.3000| 12| M61
1644.4434| 2827.3000| 1| M365
582.8192| 4852.8000| 2| M296
130.4723| 134.0000| 1| M461
1292.0721| 13561.9000| 7| M5
2280.2412| 6045.3000| 12| M260
227.8620| 3326.7000| 6| M361
1013.3766| 5816.8000| 11| M282
1447.7179| 1609.4000| 2| M428
1993.6012| 4765.2000| 8| M327
1256.8352| 11438.2000| 12| M101
886.9257| 2419.9000| 2| M412
1971.9974| 2057.7000| 2| M436
915.6583| 5260.8000| 5| M328
1883.8109| 13169.9000| 6| M59
509.2846| 4899.6000| 8| M351
709.7644| 3314.1000| 2| M405
1424.9625| 4827.8000| 6| M356
1203.6728| 4269.6000| 3| M376
597.8292| 79.5000| 1| M521
1184.4757| 1875.0000| 5| M470
1851.7657| 7580.4000| 4| M276
2249.8579| 2803.1000| 3| M452
1608.2969| 2137.1000| 3| M479
2443.5286| 936.1000| 1| M523
780.0302| 7299.2000| 4| M309
927.4196| 10539.5000| 3| M206
754.8062| 1362.1000| 3| M528
1481.3204| 2192.9000| 2| M501
501.8715| 12125.4000| 16| M169
1455.2933| 11724.8000| 7| M185
349.9163| 794.6000| 4| M557
2109.8002| 5448.2000| 9| M406
1867.9985| 11439.1000| 5| M202
1182.3952| 690.1000| 1| M569
1474.8134| 3879.7000| 6| M468
1204.9347| 1484.6000| 2| M555
1351.7189| 10207.8000| 17| M265
1840.5251| 3360.6000| 6| M502
1608.5962| 1957.1000| 3| M549
906.0201| 205.9000| 1| M614
1407.6079| 6308.0000| 6| M410
624.3510| 13056.7000| 13| M199
1133.6122| 2046.8000| 8| M577
1845.6510| 3133.5000| 3| M543
1206.8189| 12204.2000| 3| M236
1358.2163| 2335.9000| 3| M575
1598.5827| 16789.2000| 23| M86
2059.4899| 548.9000| 1| M644
1251.6240| 7673.3000| 3| M408
2538.4751| 1694.2000| 3| M619
1434.4949| 2466.5000| 3| M595
1489.6904| 323.6000| 1| M668
1131.0977| 1449.8000| 3| M636
540.6871| 2129.0000| 3| M616
985.6803| 445.5000| 1| M678
1502.8465| 271.1000| 1| M687
562.8292| 5992.4000| 9| M509
1851.9476| 12849.3000| 14| M281
688.5195| 2367.3000| 4| M642
698.7818| 2742.3000| 1| M631
850.4452| 2921.0000| 2| M639
2294.1458| 899.9000| 2| M712
510.8720| 2503.2000| 2| M658
1376.0128| 12344.2000| 11| M330
328.1328| 380.8000| 1| M739
1647.7581| 5143.3000| 6| M585
1323.4009| 1505.7000| 3| M710
759.3354| 3589.8000| 1| M646
480.1149| 5013.1000| 7| M602
1038.8796| 15381.5000| 7| M258
574.3935| 13618.9000| 5| M321
919.2548| 1138.5000| 2| M742
1491.7115| 14555.8000| 5| M291
690.8043| 11522.0000| 3| M400
672.5135| 1761.9000| 2| M730
1941.0427| 3853.8000| 4| M674
1468.9159| 3925.3000| 2| M676
1606.2748| 14614.9000| 14| M316
2598.2413| 6072.4000| 5| M608
561.0088| 3987.6000| 8| M684
998.0826| 9204.2000| 5| M514
744.2845| 2989.4000| 4| M722
1212.4059| 4092.3000| 1| M689
1990.9641| 4107.0000| 2| M690
1283.8905| 1032.1000| 3| M798
1293.1052| 7185.7000| 8| M593
314.1809| 14314.7000| 13| M358
1675.1255| 718.1000| 1| M832
1580.2053| 6054.1000| 10| M652
923.5357| 1993.9000| 1| M789
424.6190| 104.7000| 2| M860
133.0696| 15.1000| 1| M864
2244.2642| 7164.8000| 8| M622
1651.3158| 5383.3000| 4| M682
1240.7981| 3849.2000| 2| M738
358.0476| 423.7000| 1| M867
1839.5177| 8373.6000| 9| M605
1866.8076| 15703.2000| 3| M362
1486.2985| 7246.3000| 3| M648
963.6024| 4651.2000| 10| M740
1457.8471| 1041.9000| 4| M870
2179.2309| 925.5000| 2| M889
579.5606| 3690.2000| 5| M797
2409.7370| 1551.0000| 2| M876
895.7405| 2353.1000| 3| M852
465.4367| 2605.4000| 4| M848
2639.0897| 2980.1000| 1| M854
1143.6808| 1154.8000| 2| M917
1065.2518| 14958.5000| 1| M453
1327.7687| 11381.1000| 7| M589
565.6055| 6768.7000| 9| M745
301.5040| 1334.0000| 2| M933
1372.4497| 1436.1000| 2| M930
817.7795| 9451.4000| 10| M659
937.8761| 465.5000| 1| M964
754.6527| 5937.0000| 2| M779
2251.7701| 5732.6000| 5| M787
1149.9577| 8282.1000| 2| M701
1431.1343| 2975.9000| 4| M898
971.3949| 935.2000| 3| M968
1328.9939| 5304.2000| 6| M823
1186.4758| 15638.0000| 17| M481
1721.9079| 4997.0000| 1| M841
189.7409| 8996.6000| 8| M708
1616.9133| 601.3000| 1| M995
2029.6724| 1802.6000| 3| M961
1537.6506| 4228.4000| 5| M888
1242.1942| 8959.3000| 2| M731
827.6492| 2301.5000| 3| M960
2459.4466| 15809.7000| 15| M516
789.9708| 2015.3000| 2| M992
1555.5254| 5059.5000| 1| M891
265.0365| 772.5000| 1| M1049
962.1889| 5302.4000| 8| M896
839.7166| 7645.0000| 1| M821
188.8963| 4646.7000| 5| M927
1051.4924| 2656.1000| 5| M996
2196.6229| 1440.6000| 2| M1040
977.7112| 2710.0000| 5| M1000
1850.5915| 6472.1000| 5| M879
1847.5572| 2458.9000| 9| M1030
948.2393| 5591.9000| 6| M928
805.4896| 4072.5000| 1| M987
1173.5442| 16270.6000| 9| M576
2740.7583| 1876.8000| 1| M1066
179.2782| 4571.3000| 10| M978
1458.2083| 2159.0000| 1| M1065
968.5714| 1595.9000| 1| M1085
720.8154| 10327.1000| 5| M790
459.0538| 4219.8000| 3| M999
850.9207| 6216.8000| 7| M932
757.3556| 1154.1000| 3| M1105
890.4252| 2717.2000| 5| M1055
1140.7249| 2194.2000| 1| M1074
1512.1555| 451.2000| 3| M1139
939.9227| 9534.6000| 8| M837
1224.8595| 8543.3000| 7| M872
561.7736| 10328.0000| 2| M814
394.3204| 6604.2000| 5| M945
1557.9898| 4934.4000| 4| M1004
516.7083| 218.4000| 1| M1168
2594.9981| 10172.0000| 7| M839
2062.5084| 3833.2000| 5| M1054
875.7925| 5286.4000| 6| M1005
1408.0915| 3707.1000| 4| M1062
903.3255| 13559.1000| 7| M729
1266.1689| 1776.4000| 2| M1131
1074.7037| 2193.1000| 5| M1122
1846.4423| 6660.9000| 10| M977
1528.9088| 2772.2000| 2| M1110
1065.9664| 5507.6000| 4| M1018
489.7862| 16767.4000| 2| M641
2013.7448| 9738.7000| 5| M880
538.2274| 1645.3000| 4| M1156
2539.8572| 8616.0000| 1| M925
797.7391| 1993.7000| 4| M1149
2030.2836| 6785.9000| 8| M988
517.2893| 1851.4000| 7| M1155
1365.6439| 5766.1000| 9| M1024
841.2778| 1941.9000| 4| M1154
644.4797| 6901.1000| 5| M991
2305.5384| 13659.2000| 6| M763
1163.4662| 2479.9000| 6| M1143
92.0256| 165.1000| 2| M1226
1469.7869| 2673.9000| 1| M1153
1695.9690| 3647.2000| 5| M1126
1926.1922| 3653.1000| 3| M1128
1360.8620| 14818.1000| 4| M751
908.5372| 5297.1000| 9| M1075
705.6450| 1473.8000| 4| M1206
1079.7919| 2404.4000| 3| M1178
98.4912| 36.5000| 1| M1259
937.8871| 3964.1000| 3| M1132
428.6837| 59.8000| 1| M1267
1197.0946| 670.8000| 1| M1251
2022.7754| 1203.3000| 2| M1234
724.8910| 4102.4000| 3| M1135
650.9454| 6835.5000| 6| M1047
1766.7746| 16146.7000| 7| M732
546.7648| 10150.4000| 11| M944
1702.1080| 14552.8000| 3| M796
1482.2747| 13685.6000| 3| M828
1972.4163| 1230.3000| 1| M1252
1915.9994| 7889.9000| 6| M1032
1379.1331| 4957.4000| 6| M1133
1473.0794| 2087.5000| 3| M1238
1179.1230| 848.7000| 3| M1283
1292.6340| 4827.9000| 6| M1151
1141.0249| 5559.4000| 5| M1129
354.8360| 248.3000| 1| M1311
849.2855| 675.5000| 2| M1300
449.2452| 11602.4000| 3| M931
3149.7243| 4168.2000| 3| M1184
1088.1558| 12033.8000| 12| M919
1716.0976| 3171.0000| 2| M1223
1081.2903| 4714.3000| 5| M1171
2074.7778| 6345.5000| 2| M1116
1451.3064| 13887.2000| 1| M861
968.4236| 7063.9000| 5| M1093
2039.1016| 604.8000| 1| M1313
1645.3874| 10560.8000| 15| M981
409.5037| 459.8000| 2| M1326
370.0036| 491.0000| 2| M1330
1252.9210| 14074.6000| 13| M871
616.8401| 11936.1000| 9| M956
1334.1029| 406.0000| 2| M1354
1032.5320| 2145.3000| 4| M1301
1266.2560| 4889.4000| 8| M1209
479.3497| 5660.1000| 8| M1187
2234.2395| 658.7000| 1| M1357
587.1731| 1923.9000| 3| M1315
1014.2082| 9549.9000| 4| M1063
2213.2083| 3130.2000| 2| M1281
755.6325| 4236.0000| 3| M1250
785.3674| 4876.0000| 3| M1229
1374.2846| 16355.4000| 11| M844
1524.7654| 1270.2000| 2| M1355
1724.1024| 12577.0000| 9| M989
1274.3981| 10255.1000| 9| M1078
785.7394| 17857.0000| 15| M830
561.5236| 1617.0000| 5| M1387
2643.3282| 10601.9000| 7| M1090
1889.2937| 5305.7000| 6| M1275
1415.7716| 9299.9000| 9| M1142
2904.0129| 1033.9000| 2| M1424
1023.5852| -1.0000| -1| M80
1433.7342| -1.0000| -1| M82
490.0113| -1.0000| -1| M81
1535.5111| -1.0000| -1| M84
918.9644| -1.0000| -1| M85
1622.5461| -1.0000| -1| M87
1988.4632| -1.0000| -1| M89
2169.7040| -1.0000| -1| M91
1511.0912| -1.0000| -1| M92
522.7100| -1.0000| -1| M95
570.2549| -1.0000| -1| M94
1367.0473| -1.0000| -1| M97
1130.1855| -1.0000| -1| M96
1733.0957| -1.0000| -1| M99
1291.1582| -1.0000| -1| M811
1925.7046| -1.0000| -1| M810
1538.0807| -1.0000| -1| M815
1142.4322| -1.0000| -1| M813
416.1008| -1.0000| -1| M812
1300.5506| -1.0000| -1| M819
854.8472| -1.0000| -1| M818
954.2239| -1.0000| -1| M817
1149.2359| -1.0000| -1| M816
1060.7845| -1.0000| -1| M800
437.6477| -1.0000| -1| M804
1159.8057| -1.0000| -1| M803
1471.2295| -1.0000| -1| M802
250.9160| -1.0000| -1| M801
2066.1018| -1.0000| -1| M808
1083.0421| -1.0000| -1| M807
1251.7588| -1.0000| -1| M806
1420.4225| -1.0000| -1| M805
1813.5785| -1.0000| -1| M809
1048.5318| -1.0000| -1| M833
2208.6344| -1.0000| -1| M831
621.9564| -1.0000| -1| M836
766.5636| -1.0000| -1| M835
1115.0623| -1.0000| -1| M834
1271.0525| -1.0000| -1| M838
482.9259| -1.0000| -1| M1305
1851.9602| -1.0000| -1| M1306
1940.0073| -1.0000| -1| M1307
237.7342| -1.0000| -1| M1308
1356.6481| -1.0000| -1| M1302
2470.2184| -1.0000| -1| M1303
1054.6289| -1.0000| -1| M1304
1534.6082| -1.0000| -1| M822
2485.4939| -1.0000| -1| M820
1363.1439| -1.0000| -1| M826
2028.4800| -1.0000| -1| M1309
1770.7532| -1.0000| -1| M825
1353.3302| -1.0000| -1| M824
1667.3405| -1.0000| -1| M829
1431.0402| -1.0000| -1| M827
462.7762| -1.0000| -1| M851
1755.2167| -1.0000| -1| M850
334.6101| -1.0000| -1| M613
1663.2426| -1.0000| -1| M855
2154.0936| -1.0000| -1| M612
1408.9872| -1.0000| -1| M611
1112.7809| -1.0000| -1| M853
833.6793| -1.0000| -1| M610
754.6396| -1.0000| -1| M617
1737.3569| -1.0000| -1| M859
2477.1526| -1.0000| -1| M858
1655.1048| -1.0000| -1| M615
1478.1150| -1.0000| -1| M857
855.2878| -1.0000| -1| M856
1089.6809| -1.0000| -1| M618
417.5294| -1.0000| -1| M840
2190.6694| -1.0000| -1| M601
1230.7604| -1.0000| -1| M843
781.7154| -1.0000| -1| M600
1618.7506| -1.0000| -1| M842
500.8710| -1.0000| -1| M606
1798.5780| -1.0000| -1| M847
1887.2993| -1.0000| -1| M604
1632.5970| -1.0000| -1| M846
1066.1449| -1.0000| -1| M603
1207.6319| -1.0000| -1| M845
1434.1658| -1.0000| -1| M609
1248.8393| -1.0000| -1| M607
333.1708| -1.0000| -1| M849
1639.4098| -1.0000| -1| M1338
943.6539| -1.0000| -1| M1339
2572.1400| -1.0000| -1| M873
2885.5158| -1.0000| -1| M1334
1604.7091| -1.0000| -1| M630
1637.8178| -1.0000| -1| M1335
1871.5302| -1.0000| -1| M3
709.8307| -1.0000| -1| M1336
70.0964| -1.0000| -1| M1337
1374.7454| -1.0000| -1| M635
1813.6600| -1.0000| -1| M877
1913.3546| -1.0000| -1| M6
1037.8294| -1.0000| -1| M634
1224.5974| -1.0000| -1| M633
404.7838| -1.0000| -1| M875
1910.3472| -1.0000| -1| M8
1162.7112| -1.0000| -1| M632
1679.5609| -1.0000| -1| M874
687.0524| -1.0000| -1| M638
1660.6438| -1.0000| -1| M637
646.9098| -1.0000| -1| M878
938.8864| -1.0000| -1| M1331
153.4881| -1.0000| -1| M1332
1320.3380| -1.0000| -1| M1333
1625.4338| -1.0000| -1| M1107
1786.3769| -1.0000| -1| M1349
1803.0088| -1.0000| -1| M1108
1484.5674| -1.0000| -1| M1109
1203.6017| -1.0000| -1| M620
614.8975| -1.0000| -1| M862
2886.2332| -1.0000| -1| M1103
1371.6470| -1.0000| -1| M1345
1265.6367| -1.0000| -1| M1104
1599.8686| -1.0000| -1| M1346
504.1581| -1.0000| -1| M1347
680.9673| -1.0000| -1| M1106
2516.7850| -1.0000| -1| M1348
1363.2146| -1.0000| -1| M624
1832.8438| -1.0000| -1| M866
777.9479| -1.0000| -1| M623
604.5570| -1.0000| -1| M865
438.9296| -1.0000| -1| M621
388.7576| -1.0000| -1| M863
1029.6161| -1.0000| -1| M628
192.3172| -1.0000| -1| M627
1233.0295| -1.0000| -1| M869
1024.9101| -1.0000| -1| M626
2217.8010| -1.0000| -1| M868
867.0937| -1.0000| -1| M625
1086.0946| -1.0000| -1| M629
573.6386| -1.0000| -1| M1341
1369.8304| -1.0000| -1| M1100
1607.1537| -1.0000| -1| M1342
1954.7004| -1.0000| -1| M1101
2388.9246| -1.0000| -1| M1343
697.3934| -1.0000| -1| M1102
2105.4674| -1.0000| -1| M1344
175.3960| -1.0000| -1| M1340
2300.0270| -1.0000| -1| M1316
303.0992| -1.0000| -1| M890
910.5983| -1.0000| -1| M1317
1257.1513| -1.0000| -1| M1318
720.1371| -1.0000| -1| M1319
2668.8817| -1.0000| -1| M411
434.1321| -1.0000| -1| M653
2134.4764| -1.0000| -1| M895
2739.8580| -1.0000| -1| M1312
1557.3730| -1.0000| -1| M894
895.3667| -1.0000| -1| M651
895.2934| -1.0000| -1| M893
1076.8787| -1.0000| -1| M1314
1277.5080| -1.0000| -1| M650
728.7453| -1.0000| -1| M892
2474.2701| -1.0000| -1| M415
1814.9648| -1.0000| -1| M657
399.3058| -1.0000| -1| M899
1532.4255| -1.0000| -1| M414
426.2560| -1.0000| -1| M656
362.0373| -1.0000| -1| M413
1184.9921| -1.0000| -1| M655
776.9123| -1.0000| -1| M897
2003.1718| -1.0000| -1| M654
1164.2234| -1.0000| -1| M419
1877.2124| -1.0000| -1| M418
1012.3704| -1.0000| -1| M417
2402.3585| -1.0000| -1| M416
2391.8371| -1.0000| -1| M1310
1130.2478| -1.0000| -1| M1327
719.0080| -1.0000| -1| M1328
1196.7752| -1.0000| -1| M1329
1247.3864| -1.0000| -1| M884
2412.1246| -1.0000| -1| M1323
1595.3018| -1.0000| -1| M883
1701.7870| -1.0000| -1| M1324
684.0905| -1.0000| -1| M640
2355.3030| -1.0000| -1| M882
697.5260| -1.0000| -1| M1325
1945.4042| -1.0000| -1| M881
1806.3510| -1.0000| -1| M403
1061.3836| -1.0000| -1| M645
1108.0320| -1.0000| -1| M887
610.1116| -1.0000| -1| M402
2222.1106| -1.0000| -1| M886
1025.3710| -1.0000| -1| M401
1176.1619| -1.0000| -1| M643
1208.0757| -1.0000| -1| M885
1629.1248| -1.0000| -1| M407
716.0851| -1.0000| -1| M649
801.6249| -1.0000| -1| M647
1108.0083| -1.0000| -1| M409
1372.2301| -1.0000| -1| M1320
546.1627| -1.0000| -1| M1321
727.4099| -1.0000| -1| M1322
558.8061| -1.0000| -1| M671
1947.3047| -1.0000| -1| M670
2274.1873| -1.0000| -1| M433
502.4551| -1.0000| -1| M675
1423.1649| -1.0000| -1| M1136
2331.6787| -1.0000| -1| M1378
1732.9978| -1.0000| -1| M432
1983.8041| -1.0000| -1| M1137
882.0627| -1.0000| -1| M1379
2272.1314| -1.0000| -1| M431
1523.9372| -1.0000| -1| M673
2449.4892| -1.0000| -1| M1138
810.8947| -1.0000| -1| M430
756.0234| -1.0000| -1| M672
477.0465| -1.0000| -1| M437
833.6315| -1.0000| -1| M679
905.0842| -1.0000| -1| M435
583.7535| -1.0000| -1| M677
1822.8818| -1.0000| -1| M434
1486.5426| -1.0000| -1| M439
2487.3020| -1.0000| -1| M438
2513.9314| -1.0000| -1| M1374
1751.3847| -1.0000| -1| M1375
2168.1533| -1.0000| -1| M1134
393.2069| -1.0000| -1| M1376
1678.6269| -1.0000| -1| M1377
1501.7199| -1.0000| -1| M1370
841.4310| -1.0000| -1| M1371
1225.3218| -1.0000| -1| M1130
1562.4546| -1.0000| -1| M1372
1325.2136| -1.0000| -1| M1373
839.6972| -1.0000| -1| M660
801.1336| -1.0000| -1| M422
418.6445| -1.0000| -1| M664
912.7697| -1.0000| -1| M1147
1369.0077| -1.0000| -1| M1389
135.2559| -1.0000| -1| M421
280.9722| -1.0000| -1| M663
847.1506| -1.0000| -1| M1148
991.5247| -1.0000| -1| M420
1733.9442| -1.0000| -1| M662
180.2124| -1.0000| -1| M661
1739.1586| -1.0000| -1| M426
1489.4583| -1.0000| -1| M425
1557.2349| -1.0000| -1| M667
1165.3358| -1.0000| -1| M424
1831.1203| -1.0000| -1| M666
2351.5472| -1.0000| -1| M423
502.5110| -1.0000| -1| M665
2242.8938| -1.0000| -1| M429
392.9001| -1.0000| -1| M427
2399.8689| -1.0000| -1| M669
2193.4433| -1.0000| -1| M1380
699.6367| -1.0000| -1| M1385
1047.6809| -1.0000| -1| M1144
1899.4837| -1.0000| -1| M1386
1286.1814| -1.0000| -1| M1145
1682.1538| -1.0000| -1| M1146
715.9213| -1.0000| -1| M1388
906.0530| -1.0000| -1| M1381
1777.8469| -1.0000| -1| M1140
2673.6615| -1.0000| -1| M1382
1396.4152| -1.0000| -1| M1141
916.1308| -1.0000| -1| M1383
1822.5378| -1.0000| -1| M1384
1085.2192| -1.0000| -1| M451
403.5941| -1.0000| -1| M693
2386.0247| -1.0000| -1| M1118
1774.0088| -1.0000| -1| M450
671.5773| -1.0000| -1| M692
1323.6803| -1.0000| -1| M1119
1964.6971| -1.0000| -1| M691
864.2295| -1.0000| -1| M213
313.6498| -1.0000| -1| M455
1549.2599| -1.0000| -1| M697
990.9113| -1.0000| -1| M1114
852.6985| -1.0000| -1| M1356
567.1935| -1.0000| -1| M212
1295.3079| -1.0000| -1| M454
2462.8654| -1.0000| -1| M696
3075.3844| -1.0000| -1| M1115
1319.9580| -1.0000| -1| M211
1341.8698| -1.0000| -1| M695
2350.2164| -1.0000| -1| M1358
3358.3522| -1.0000| -1| M694
1248.8424| -1.0000| -1| M1117
1757.2903| -1.0000| -1| M1359
1574.9127| -1.0000| -1| M217
461.7650| -1.0000| -1| M459
2285.6341| -1.0000| -1| M216
1139.6490| -1.0000| -1| M458
1368.8523| -1.0000| -1| M215
2247.8111| -1.0000| -1| M457
86.3280| -1.0000| -1| M699
2774.1015| -1.0000| -1| M214
1128.9117| -1.0000| -1| M456
1162.8096| -1.0000| -1| M698
1513.6116| -1.0000| -1| M219
412.5203| -1.0000| -1| M218
598.2070| -1.0000| -1| M1352
1694.8579| -1.0000| -1| M1111
1251.6891| -1.0000| -1| M1353
227.1557| -1.0000| -1| M1112
1488.5168| -1.0000| -1| M1113
828.4897| -1.0000| -1| M1350
933.7968| -1.0000| -1| M1351
1217.0782| -1.0000| -1| M440
669.6449| -1.0000| -1| M681
918.9958| -1.0000| -1| M680
1981.7958| -1.0000| -1| M444
1162.1615| -1.0000| -1| M686
981.6329| -1.0000| -1| M1125
1560.9027| -1.0000| -1| M1367
1032.0409| -1.0000| -1| M201
616.0605| -1.0000| -1| M443
1261.1621| -1.0000| -1| M685
2274.0044| -1.0000| -1| M1368
1060.3525| -1.0000| -1| M200
2011.6460| -1.0000| -1| M442
1612.1741| -1.0000| -1| M1127
1436.7798| -1.0000| -1| M1369
505.9258| -1.0000| -1| M441
1180.0652| -1.0000| -1| M683
975.8892| -1.0000| -1| M448
706.1770| -1.0000| -1| M205
509.1534| -1.0000| -1| M447
2277.6215| -1.0000| -1| M204
818.9361| -1.0000| -1| M446
1419.9234| -1.0000| -1| M688
2956.8047| -1.0000| -1| M445
2397.7709| -1.0000| -1| M209
1478.9725| -1.0000| -1| M208
1501.8981| -1.0000| -1| M207
1163.3302| -1.0000| -1| M449
1490.7002| -1.0000| -1| M1121
538.5254| -1.0000| -1| M1363
1319.1295| -1.0000| -1| M1364
909.9656| -1.0000| -1| M1123
970.6187| -1.0000| -1| M1365
1964.0205| -1.0000| -1| M1124
146.6192| -1.0000| -1| M1366
1030.4519| -1.0000| -1| M1360
943.3285| -1.0000| -1| M1361
1100.2521| -1.0000| -1| M1120
437.7567| -1.0000| -1| M1362
1901.3541| -1.0000| -1| M231
802.7904| -1.0000| -1| M473
1850.3207| -1.0000| -1| M230
1283.3278| -1.0000| -1| M472
1834.9135| -1.0000| -1| M471
1076.0396| -1.0000| -1| M235
1737.4951| -1.0000| -1| M477
792.8319| -1.0000| -1| M234
1208.5003| -1.0000| -1| M476
99.9148| -1.0000| -1| M233
760.0440| -1.0000| -1| M475
1049.0076| -1.0000| -1| M474
1884.9964| -1.0000| -1| M238
321.2786| -1.0000| -1| M478
115.5787| -1.0000| -1| M1170
1407.5685| -1.0000| -1| M1176
1914.3217| -1.0000| -1| M1177
932.3472| -1.0000| -1| M1179
1750.3562| -1.0000| -1| M480
2340.4704| -1.0000| -1| M1172
1790.3646| -1.0000| -1| M1173
897.2688| -1.0000| -1| M1174
2023.3723| -1.0000| -1| M1175
817.6544| -1.0000| -1| M220
506.0958| -1.0000| -1| M462
2227.4117| -1.0000| -1| M460
286.4598| -1.0000| -1| M466
1489.0803| -1.0000| -1| M223
243.2277| -1.0000| -1| M465
1531.4088| -1.0000| -1| M464
80.5171| -1.0000| -1| M221
1708.9880| -1.0000| -1| M463
1229.5266| -1.0000| -1| M228
3517.7114| -1.0000| -1| M469
775.7966| -1.0000| -1| M225
1903.3742| -1.0000| -1| M467
922.4377| -1.0000| -1| M229
1868.3169| -1.0000| -1| M1180
1214.7967| -1.0000| -1| M1181
2418.8291| -1.0000| -1| M1182
996.6531| -1.0000| -1| M1188
2046.0317| -1.0000| -1| M1189
752.9821| -1.0000| -1| M1183
1983.9354| -1.0000| -1| M1185
1130.1285| -1.0000| -1| M1186
149.5475| -1.0000| -1| M253
2333.1450| -1.0000| -1| M495
1686.5695| -1.0000| -1| M252
162.4546| -1.0000| -1| M494
2028.7141| -1.0000| -1| M493
909.4136| -1.0000| -1| M250
1584.4968| -1.0000| -1| M492
819.7899| -1.0000| -1| M257
1228.5131| -1.0000| -1| M499
1672.3498| -1.0000| -1| M1158
1453.4045| -1.0000| -1| M256
1110.8134| -1.0000| -1| M498
1884.7849| -1.0000| -1| M1159
1825.8072| -1.0000| -1| M255
990.2856| -1.0000| -1| M497
3014.6518| -1.0000| -1| M254
1620.9044| -1.0000| -1| M496
1963.5555| -1.0000| -1| M259
1151.0038| -1.0000| -1| M1390
886.0930| -1.0000| -1| M1391
1232.0989| -1.0000| -1| M1396
952.2731| -1.0000| -1| M1397
1661.4850| -1.0000| -1| M1398
400.9419| -1.0000| -1| M1157
2890.8206| -1.0000| -1| M1399
2164.2057| -1.0000| -1| M1150
1911.3588| -1.0000| -1| M1392
1175.6715| -1.0000| -1| M1393
1137.3330| -1.0000| -1| M1152
1727.6703| -1.0000| -1| M1394
30.4496| -1.0000| -1| M1395
1004.0476| -1.0000| -1| M242
1650.1977| -1.0000| -1| M484
1022.4000| -1.0000| -1| M241
1595.5933| -1.0000| -1| M483
148.5676| -1.0000| -1| M240
1023.4100| -1.0000| -1| M482
1742.1639| -1.0000| -1| M246
1409.8727| -1.0000| -1| M488
1380.7044| -1.0000| -1| M1169
1121.4575| -1.0000| -1| M245
748.0028| -1.0000| -1| M487
784.1838| -1.0000| -1| M486
2251.1002| -1.0000| -1| M485
264.4538| -1.0000| -1| M249
2153.6209| -1.0000| -1| M247
1113.1497| -1.0000| -1| M489
3025.9659| -1.0000| -1| M1160
469.9241| -1.0000| -1| M1165
1144.3605| -1.0000| -1| M1166
1014.8384| -1.0000| -1| M1167
356.0710| -1.0000| -1| M491
1522.5855| -1.0000| -1| M1161
660.6244| -1.0000| -1| M490
867.8153| -1.0000| -1| M1162
1973.7160| -1.0000| -1| M1163
1399.3926| -1.0000| -1| M1164
552.5471| -1.0000| -1| M275
1151.8051| -1.0000| -1| M278
1070.2469| -1.0000| -1| M277
1093.6575| -1.0000| -1| M280
2472.9588| -1.0000| -1| M264
918.1867| -1.0000| -1| M263
727.8561| -1.0000| -1| M262
516.0683| -1.0000| -1| M261
1499.5820| -1.0000| -1| M268
1667.1291| -1.0000| -1| M267
1590.5199| -1.0000| -1| M266
1785.6180| -1.0000| -1| M269
2838.5655| -1.0000| -1| M271
1399.6576| -1.0000| -1| M297
380.8898| -1.0000| -1| M295
192.9147| -1.0000| -1| M294
1402.5960| -1.0000| -1| M299
769.3625| -1.0000| -1| M298
1275.9861| -1.0000| -1| M1190
1520.9841| -1.0000| -1| M1191
535.4905| -1.0000| -1| M1192
1016.1361| -1.0000| -1| M1193
1287.4765| -1.0000| -1| M1198
1546.5550| -1.0000| -1| M1199
559.9889| -1.0000| -1| M1194
923.0732| -1.0000| -1| M1195
970.7890| -1.0000| -1| M1196
772.4913| -1.0000| -1| M1197
975.0467| -1.0000| -1| M286
2543.3123| -1.0000| -1| M284
1794.4407| -1.0000| -1| M283
1525.7447| -1.0000| -1| M288
2364.2365| -1.0000| -1| M287
1399.3192| -1.0000| -1| M293
854.4356| -1.0000| -1| M292
2252.5694| -1.0000| -1| M290
1325.5685| -1.0000| -1| M910
1249.1206| -1.0000| -1| M914
434.2003| -1.0000| -1| M913
1233.0419| -1.0000| -1| M912
1006.5138| -1.0000| -1| M911
2635.3821| -1.0000| -1| M918
360.0719| -1.0000| -1| M916
681.8905| -1.0000| -1| M915
1285.3056| -1.0000| -1| M903
508.3313| -1.0000| -1| M902
1635.3270| -1.0000| -1| M901
1164.0609| -1.0000| -1| M900
1001.8569| -1.0000| -1| M907
921.7357| -1.0000| -1| M906
1248.6264| -1.0000| -1| M905
1568.2504| -1.0000| -1| M904
2228.9755| -1.0000| -1| M909
2200.4994| -1.0000| -1| M908
1280.5746| -1.0000| -1| M936
798.0551| -1.0000| -1| M935
608.2629| -1.0000| -1| M934
1206.9350| -1.0000| -1| M939
2069.7601| -1.0000| -1| M938
947.7258| -1.0000| -1| M937
2495.3581| -1.0000| -1| M921
1353.3118| -1.0000| -1| M920
1067.4691| -1.0000| -1| M924
418.3284| -1.0000| -1| M923
1495.6947| -1.0000| -1| M922
1407.1921| -1.0000| -1| M929
2180.1381| -1.0000| -1| M926
1155.1132| -1.0000| -1| M1415
634.0530| -1.0000| -1| M1416
2305.9100| -1.0000| -1| M1417
212.8309| -1.0000| -1| M1418
469.7331| -1.0000| -1| M950
1705.6219| -1.0000| -1| M1411
735.3829| -1.0000| -1| M1412
1090.3317| -1.0000| -1| M1413
1041.5228| -1.0000| -1| M1414
489.1478| -1.0000| -1| M954
1872.6343| -1.0000| -1| M711
1706.4659| -1.0000| -1| M953
707.3642| -1.0000| -1| M952
2873.3131| -1.0000| -1| M951
1175.2870| -1.0000| -1| M716
1814.3217| -1.0000| -1| M958
1067.2341| -1.0000| -1| M1419
1351.5050| -1.0000| -1| M715
464.1922| -1.0000| -1| M957
1429.2762| -1.0000| -1| M714
485.0610| -1.0000| -1| M713
221.7234| -1.0000| -1| M955
1562.3343| -1.0000| -1| M719
2071.2226| -1.0000| -1| M718
1917.3978| -1.0000| -1| M717
1733.7864| -1.0000| -1| M959
1606.8997| -1.0000| -1| M1410
1223.8980| -1.0000| -1| M1426
2029.3372| -1.0000| -1| M1427
777.1539| -1.0000| -1| M1428
1028.2632| -1.0000| -1| M1429
2583.9623| -1.0000| -1| M1422
897.3203| -1.0000| -1| M1423
870.8742| -1.0000| -1| M1425
1399.0723| -1.0000| -1| M943
692.5886| -1.0000| -1| M700
2127.1033| -1.0000| -1| M942
2941.6377| -1.0000| -1| M941
1831.4244| -1.0000| -1| M940
95.2912| -1.0000| -1| M705
687.5516| -1.0000| -1| M947
859.4787| -1.0000| -1| M704
2119.9892| -1.0000| -1| M946
2315.4259| -1.0000| -1| M703
2023.7183| -1.0000| -1| M702
555.6937| -1.0000| -1| M709
859.0326| -1.0000| -1| M707
1321.3469| -1.0000| -1| M949
431.2276| -1.0000| -1| M706
770.1320| -1.0000| -1| M948
2423.3960| -1.0000| -1| M1420
887.4879| -1.0000| -1| M1421
1411.9748| -1.0000| -1| M972
1595.2863| -1.0000| -1| M971
1078.4144| -1.0000| -1| M970
1472.1776| -1.0000| -1| M734
507.5441| -1.0000| -1| M976
2159.0736| -1.0000| -1| M733
3367.4028| -1.0000| -1| M975
1830.0752| -1.0000| -1| M974
1454.7776| -1.0000| -1| M973
1771.8661| -1.0000| -1| M737
436.4540| -1.0000| -1| M979
417.2368| -1.0000| -1| M736
1737.9024| -1.0000| -1| M735
1500.7493| -1.0000| -1| M1404
1762.9685| -1.0000| -1| M1405
1188.5274| -1.0000| -1| M1406
1168.6554| -1.0000| -1| M1407
2458.9283| -1.0000| -1| M1400
1631.4104| -1.0000| -1| M1401
1296.4392| -1.0000| -1| M1402
1372.9095| -1.0000| -1| M1403
1310.3216| -1.0000| -1| M723
1879.3162| -1.0000| -1| M965
1889.8730| -1.0000| -1| M721
377.5953| -1.0000| -1| M963
471.4901| -1.0000| -1| M720
914.5466| -1.0000| -1| M962
1244.4475| -1.0000| -1| M727
1225.4948| -1.0000| -1| M969
2855.0599| -1.0000| -1| M1408
2173.6716| -1.0000| -1| M726
998.0238| -1.0000| -1| M1409
1070.2916| -1.0000| -1| M725
685.7272| -1.0000| -1| M967
478.8067| -1.0000| -1| M724
1349.2720| -1.0000| -1| M966
1237.0633| -1.0000| -1| M728
1303.7940| -1.0000| -1| M990
1356.5933| -1.0000| -1| M1217
548.0582| -1.0000| -1| M1459
262.6372| -1.0000| -1| M1218
1256.0207| -1.0000| -1| M1219
988.2378| -1.0000| -1| M510
1804.8595| -1.0000| -1| M752
1491.0297| -1.0000| -1| M994
482.2748| -1.0000| -1| M1213
1037.9951| -1.0000| -1| M1455
1452.8910| -1.0000| -1| M993
729.2456| -1.0000| -1| M1214
1641.8116| -1.0000| -1| M1456
730.7995| -1.0000| -1| M750
223.8223| -1.0000| -1| M1215
945.9652| -1.0000| -1| M1457
825.4803| -1.0000| -1| M1216
1371.8465| -1.0000| -1| M1458
2633.3845| -1.0000| -1| M756
1109.2052| -1.0000| -1| M998
1032.4267| -1.0000| -1| M513
1582.7844| -1.0000| -1| M755
1044.4721| -1.0000| -1| M997
278.8663| -1.0000| -1| M512
645.6067| -1.0000| -1| M754
3243.3102| -1.0000| -1| M511
622.6679| -1.0000| -1| M753
1503.9142| -1.0000| -1| M518
2275.6810| -1.0000| -1| M517
1260.9830| -1.0000| -1| M759
163.7881| -1.0000| -1| M758
390.3329| -1.0000| -1| M515
2523.8916| -1.0000| -1| M757
1910.2705| -1.0000| -1| M519
548.5128| -1.0000| -1| M1451
1149.8638| -1.0000| -1| M1210
1187.0658| -1.0000| -1| M1452
861.5415| -1.0000| -1| M1211
1673.4644| -1.0000| -1| M1453
1600.9154| -1.0000| -1| M1212
2504.9950| -1.0000| -1| M1454
1101.8716| -1.0000| -1| M1450
840.1481| -1.0000| -1| M1228
801.3587| -1.0000| -1| M741
1765.1089| -1.0000| -1| M983
321.0450| -1.0000| -1| M1224
1013.5206| -1.0000| -1| M982
1302.9641| -1.0000| -1| M1225
1109.6775| -1.0000| -1| M980
1175.6264| -1.0000| -1| M1227
1518.8044| -1.0000| -1| M503
1917.9543| -1.0000| -1| M744
1023.3643| -1.0000| -1| M986
1202.2930| -1.0000| -1| M743
1044.5838| -1.0000| -1| M985
375.7944| -1.0000| -1| M500
885.6541| -1.0000| -1| M984
805.6749| -1.0000| -1| M507
1619.9117| -1.0000| -1| M749
1039.2025| -1.0000| -1| M506
887.2187| -1.0000| -1| M748
641.1081| -1.0000| -1| M505
1680.6546| -1.0000| -1| M747
1221.8528| -1.0000| -1| M504
642.8947| -1.0000| -1| M746
2258.5461| -1.0000| -1| M508
1507.6762| -1.0000| -1| M1220
522.2844| -1.0000| -1| M1221
1369.7681| -1.0000| -1| M1222
1679.8296| -1.0000| -1| M1460
2522.2631| -1.0000| -1| M1461
1208.8403| -1.0000| -1| M770
1396.7948| -1.0000| -1| M1437
585.6109| -1.0000| -1| M1438
908.9426| -1.0000| -1| M1439
2372.6875| -1.0000| -1| M532
1810.9686| -1.0000| -1| M774
1176.6406| -1.0000| -1| M1433
1596.6569| -1.0000| -1| M531
1272.4878| -1.0000| -1| M773
1297.9173| -1.0000| -1| M1434
1058.0812| -1.0000| -1| M530
1087.0066| -1.0000| -1| M772
1743.3584| -1.0000| -1| M1435
1332.6668| -1.0000| -1| M771
265.2877| -1.0000| -1| M1436
2463.7391| -1.0000| -1| M536
1139.5284| -1.0000| -1| M778
1846.3403| -1.0000| -1| M535
952.6772| -1.0000| -1| M777
3438.5831| -1.0000| -1| M534
2139.7338| -1.0000| -1| M776
830.1635| -1.0000| -1| M533
1677.7224| -1.0000| -1| M775
783.5929| -1.0000| -1| M539
2006.8616| -1.0000| -1| M538
2422.2202| -1.0000| -1| M537
1050.3825| -1.0000| -1| M1430
867.3020| -1.0000| -1| M1431
2310.2858| -1.0000| -1| M1432
1115.2877| -1.0000| -1| M1448
2003.4718| -1.0000| -1| M1207
1204.8920| -1.0000| -1| M1449
1384.7577| -1.0000| -1| M1208
967.6464| -1.0000| -1| M1202
2161.9216| -1.0000| -1| M1444
489.7555| -1.0000| -1| M520
447.0160| -1.0000| -1| M762
960.6716| -1.0000| -1| M1203
472.5942| -1.0000| -1| M1445
1400.2376| -1.0000| -1| M761
292.4967| -1.0000| -1| M1204
1709.7877| -1.0000| -1| M1446
229.0731| -1.0000| -1| M760
508.2394| -1.0000| -1| M1205
712.7049| -1.0000| -1| M1447
767.7962| -1.0000| -1| M525
888.3575| -1.0000| -1| M767
1036.3630| -1.0000| -1| M524
768.1542| -1.0000| -1| M766
604.3218| -1.0000| -1| M765
2663.6563| -1.0000| -1| M522
1385.7770| -1.0000| -1| M764
1372.4642| -1.0000| -1| M529
941.3587| -1.0000| -1| M527
883.1610| -1.0000| -1| M769
2497.7480| -1.0000| -1| M526
1596.0384| -1.0000| -1| M768
1814.2019| -1.0000| -1| M1440
1600.8222| -1.0000| -1| M1441
372.9759| -1.0000| -1| M1200
884.9894| -1.0000| -1| M1442
1200.4216| -1.0000| -1| M1201
509.8467| -1.0000| -1| M1443
1166.7566| -1.0000| -1| M550
1210.4779| -1.0000| -1| M792
844.7711| -1.0000| -1| M1019
1855.4880| -1.0000| -1| M791
1651.3745| -1.0000| -1| M312
2220.1078| -1.0000| -1| M554
1441.8176| -1.0000| -1| M1015
751.3472| -1.0000| -1| M1257
646.2784| -1.0000| -1| M553
2632.9586| -1.0000| -1| M795
105.0550| -1.0000| -1| M1016
1840.3253| -1.0000| -1| M1258
1333.2641| -1.0000| -1| M310
1774.2253| -1.0000| -1| M552
1117.9659| -1.0000| -1| M794
1457.5334| -1.0000| -1| M1017
1755.4086| -1.0000| -1| M551
801.7860| -1.0000| -1| M793
1667.4445| -1.0000| -1| M558
671.9814| -1.0000| -1| M315
908.3353| -1.0000| -1| M799
679.7057| -1.0000| -1| M314
1543.5361| -1.0000| -1| M556
948.7900| -1.0000| -1| M313
2622.1802| -1.0000| -1| M319
284.5399| -1.0000| -1| M318
2944.5315| -1.0000| -1| M317
303.4324| -1.0000| -1| M559
403.7151| -1.0000| -1| M1011
846.4482| -1.0000| -1| M1253
1139.4061| -1.0000| -1| M1012
2030.3817| -1.0000| -1| M1254
1078.1762| -1.0000| -1| M1013
1612.3819| -1.0000| -1| M1255
458.1673| -1.0000| -1| M1014
528.9193| -1.0000| -1| M1256
485.8360| -1.0000| -1| M1010
1859.7285| -1.0000| -1| M781
1132.1111| -1.0000| -1| M780
1707.8124| -1.0000| -1| M301
777.0898| -1.0000| -1| M785
2180.1920| -1.0000| -1| M1026
2664.5185| -1.0000| -1| M1268
2057.8140| -1.0000| -1| M300
972.1332| -1.0000| -1| M542
1685.5310| -1.0000| -1| M784
1719.1175| -1.0000| -1| M1027
932.6292| -1.0000| -1| M1269
1799.2960| -1.0000| -1| M541
1472.5677| -1.0000| -1| M783
1503.1391| -1.0000| -1| M1028
764.9605| -1.0000| -1| M540
263.7019| -1.0000| -1| M782
1333.5386| -1.0000| -1| M1029
1007.9217| -1.0000| -1| M305
1538.6526| -1.0000| -1| M547
2456.5586| -1.0000| -1| M304
2699.7420| -1.0000| -1| M546
1381.0476| -1.0000| -1| M788
714.3587| -1.0000| -1| M303
1239.4016| -1.0000| -1| M545
929.5914| -1.0000| -1| M302
1415.0180| -1.0000| -1| M544
949.7472| -1.0000| -1| M786
816.8687| -1.0000| -1| M308
1746.0707| -1.0000| -1| M307
1740.2767| -1.0000| -1| M306
1873.5900| -1.0000| -1| M548
297.7824| -1.0000| -1| M1022
2293.0212| -1.0000| -1| M1264
2452.3133| -1.0000| -1| M1023
1620.9930| -1.0000| -1| M1265
1025.1545| -1.0000| -1| M1266
1492.4730| -1.0000| -1| M1025
1507.6245| -1.0000| -1| M1260
251.4940| -1.0000| -1| M1261
718.6121| -1.0000| -1| M1020
817.9263| -1.0000| -1| M1262
1544.4505| -1.0000| -1| M1021
2545.4361| -1.0000| -1| M1263
2628.5985| -1.0000| -1| M572
2565.4850| -1.0000| -1| M1239
777.1191| -1.0000| -1| M571
451.1263| -1.0000| -1| M570
910.7886| -1.0000| -1| M334
2289.9405| -1.0000| -1| M1235
1436.5993| -1.0000| -1| M1236
433.9965| -1.0000| -1| M332
586.9366| -1.0000| -1| M574
271.9327| -1.0000| -1| M1237
934.7811| -1.0000| -1| M331
826.0084| -1.0000| -1| M573
1876.8854| -1.0000| -1| M338
2596.9943| -1.0000| -1| M337
1177.2229| -1.0000| -1| M579
1678.3221| -1.0000| -1| M336
1060.2313| -1.0000| -1| M578
1799.3446| -1.0000| -1| M335
1573.4798| -1.0000| -1| M339
1215.4676| -1.0000| -1| M1231
1208.6092| -1.0000| -1| M1232
529.9683| -1.0000| -1| M1233
1205.8134| -1.0000| -1| M1230
1180.3199| -1.0000| -1| M561
2299.2427| -1.0000| -1| M1008
759.0969| -1.0000| -1| M560
1415.1892| -1.0000| -1| M1009
966.6811| -1.0000| -1| M323
357.9895| -1.0000| -1| M565
1898.0138| -1.0000| -1| M1246
602.9453| -1.0000| -1| M322
1608.7624| -1.0000| -1| M564
1888.3090| -1.0000| -1| M1247
1934.8750| -1.0000| -1| M563
959.2605| -1.0000| -1| M1006
567.1081| -1.0000| -1| M1248
2175.5187| -1.0000| -1| M320
1270.5000| -1.0000| -1| M562
1142.7717| -1.0000| -1| M1007
1584.5263| -1.0000| -1| M1249
1257.6417| -1.0000| -1| M326
695.5342| -1.0000| -1| M568
1113.7715| -1.0000| -1| M567
1688.4975| -1.0000| -1| M324
1857.9566| -1.0000| -1| M566
2311.9654| -1.0000| -1| M329
1782.7016| -1.0000| -1| M1242
2124.9511| -1.0000| -1| M1001
765.3909| -1.0000| -1| M1243
1162.9239| -1.0000| -1| M1002
1841.2527| -1.0000| -1| M1244
1438.8282| -1.0000| -1| M1003
3023.7915| -1.0000| -1| M1245
1494.5629| -1.0000| -1| M1240
1271.5460| -1.0000| -1| M1241
714.1280| -1.0000| -1| M110
1164.8586| -1.0000| -1| M594
1968.8649| -1.0000| -1| M350
1343.0959| -1.0000| -1| M592
511.1808| -1.0000| -1| M591
1095.7491| -1.0000| -1| M114
800.9892| -1.0000| -1| M598
1399.4449| -1.0000| -1| M1059
778.7952| -1.0000| -1| M113
1393.0836| -1.0000| -1| M597
1883.9101| -1.0000| -1| M112
1232.6322| -1.0000| -1| M354
1073.0034| -1.0000| -1| M596
1114.9698| -1.0000| -1| M353
2117.8556| -1.0000| -1| M118
3180.8524| -1.0000| -1| M359
1869.4875| -1.0000| -1| M116
1081.9550| -1.0000| -1| M115
1273.7630| -1.0000| -1| M357
1571.4193| -1.0000| -1| M599
1941.5914| -1.0000| -1| M1290
523.1726| -1.0000| -1| M1291
2806.5787| -1.0000| -1| M1050
1069.0126| -1.0000| -1| M1292
408.2184| -1.0000| -1| M1297
949.3285| -1.0000| -1| M1056
1216.0356| -1.0000| -1| M1298
1317.1746| -1.0000| -1| M1057
537.2679| -1.0000| -1| M1299
983.3044| -1.0000| -1| M1058
465.9046| -1.0000| -1| M1051
2280.0411| -1.0000| -1| M1293
1363.7532| -1.0000| -1| M1052
524.3568| -1.0000| -1| M1294
1615.2303| -1.0000| -1| M1053
854.0499| -1.0000| -1| M1295
1778.1236| -1.0000| -1| M1296
1716.3690| -1.0000| -1| M341
2208.4559| -1.0000| -1| M583
1108.4628| -1.0000| -1| M340
1397.5162| -1.0000| -1| M582
1115.1843| -1.0000| -1| M581
1272.9808| -1.0000| -1| M580
2607.6257| -1.0000| -1| M103
2446.1333| -1.0000| -1| M345
1754.4825| -1.0000| -1| M587
3885.4859| -1.0000| -1| M102
1637.9831| -1.0000| -1| M344
2285.9855| -1.0000| -1| M586
1473.1823| -1.0000| -1| M343
1491.5037| -1.0000| -1| M100
2245.2207| -1.0000| -1| M342
1073.4851| -1.0000| -1| M584
1625.7267| -1.0000| -1| M107
697.6423| -1.0000| -1| M349
1629.8369| -1.0000| -1| M106
1801.5105| -1.0000| -1| M348
544.5924| -1.0000| -1| M105
781.4875| -1.0000| -1| M347
770.3708| -1.0000| -1| M104
1460.4736| -1.0000| -1| M346
590.2750| -1.0000| -1| M588
563.3104| -1.0000| -1| M109
2537.7246| -1.0000| -1| M108
829.5552| -1.0000| -1| M1060
583.5681| -1.0000| -1| M1061
1560.4235| -1.0000| -1| M1067
1034.6388| -1.0000| -1| M1068
2601.8411| -1.0000| -1| M1069
1791.7997| -1.0000| -1| M590
2004.5833| -1.0000| -1| M1064
1104.6003| -1.0000| -1| M132
1471.8109| -1.0000| -1| M374
859.8495| -1.0000| -1| M131
150.6533| -1.0000| -1| M373
1850.6302| -1.0000| -1| M130
2247.8341| -1.0000| -1| M372
837.0981| -1.0000| -1| M371
3572.0267| -1.0000| -1| M136
1415.5958| -1.0000| -1| M1037
296.9935| -1.0000| -1| M1279
1794.2389| -1.0000| -1| M135
1102.8546| -1.0000| -1| M377
2665.1735| -1.0000| -1| M1038
864.2712| -1.0000| -1| M134
238.6225| -1.0000| -1| M1039
893.3623| -1.0000| -1| M375
1269.6941| -1.0000| -1| M139
1328.8698| -1.0000| -1| M138
760.0876| -1.0000| -1| M379
1378.0099| -1.0000| -1| M1270
2225.1587| -1.0000| -1| M1033
2186.8035| -1.0000| -1| M1034
1050.4076| -1.0000| -1| M1276
333.8409| -1.0000| -1| M1035
1100.9129| -1.0000| -1| M1277
1324.9962| -1.0000| -1| M1036
1944.7574| -1.0000| -1| M1278
629.5415| -1.0000| -1| M381
1263.2309| -1.0000| -1| M1271
1386.3255| -1.0000| -1| M380
1767.1459| -1.0000| -1| M1272
841.8687| -1.0000| -1| M1031
1698.6418| -1.0000| -1| M1273
440.7959| -1.0000| -1| M1274
278.8023| -1.0000| -1| M121
1022.6910| -1.0000| -1| M363
1269.4797| -1.0000| -1| M120
2153.6675| -1.0000| -1| M360
2369.9974| -1.0000| -1| M367
1465.7370| -1.0000| -1| M1048
1303.0122| -1.0000| -1| M124
1420.8796| -1.0000| -1| M366
2799.2773| -1.0000| -1| M122
1284.6152| -1.0000| -1| M129
2124.1615| -1.0000| -1| M128
597.3601| -1.0000| -1| M127
1286.2624| -1.0000| -1| M369
1141.5894| -1.0000| -1| M126
2612.5930| -1.0000| -1| M368
1655.0768| -1.0000| -1| M1280
1546.8639| -1.0000| -1| M1044
674.5262| -1.0000| -1| M1286
1423.3216| -1.0000| -1| M1045
1321.6938| -1.0000| -1| M1287
450.3569| -1.0000| -1| M1046
1702.9747| -1.0000| -1| M1288
1044.8743| -1.0000| -1| M1289
136.0720| -1.0000| -1| M370
1554.4235| -1.0000| -1| M1282
1142.8561| -1.0000| -1| M1041
1058.2474| -1.0000| -1| M1042
1227.3516| -1.0000| -1| M1284
599.7478| -1.0000| -1| M1043
1130.7413| -1.0000| -1| M1285
2346.5225| -1.0000| -1| M396
844.2630| -1.0000| -1| M153
960.5061| -1.0000| -1| M395
2065.3136| -1.0000| -1| M152
1485.8389| -1.0000| -1| M394
1987.1700| -1.0000| -1| M393
1639.9872| -1.0000| -1| M158
1386.8016| -1.0000| -1| M399
1129.4441| -1.0000| -1| M156
630.7132| -1.0000| -1| M398
1395.3637| -1.0000| -1| M155
897.5777| -1.0000| -1| M397
1539.7425| -1.0000| -1| M1091
1299.0518| -1.0000| -1| M1092
1244.6698| -1.0000| -1| M1094
373.5363| -1.0000| -1| M1099
1142.0371| -1.0000| -1| M1095
1768.9683| -1.0000| -1| M160
631.1157| -1.0000| -1| M1096
1445.7375| -1.0000| -1| M1097
2290.5236| -1.0000| -1| M1098
802.4646| -1.0000| -1| M143
511.7547| -1.0000| -1| M385
1879.3419| -1.0000| -1| M384
1505.1439| -1.0000| -1| M383
1059.1737| -1.0000| -1| M140
895.4219| -1.0000| -1| M382
323.4176| -1.0000| -1| M389
1657.3349| -1.0000| -1| M388
2921.2816| -1.0000| -1| M145
998.4957| -1.0000| -1| M387
1186.6612| -1.0000| -1| M144
1607.3232| -1.0000| -1| M386
1165.0093| -1.0000| -1| M148
943.2500| -1.0000| -1| M10
1442.0044| -1.0000| -1| M17
369.7422| -1.0000| -1| M16
552.8032| -1.0000| -1| M150
406.0522| -1.0000| -1| M392
1934.9241| -1.0000| -1| M391
758.9419| -1.0000| -1| M390
441.6399| -1.0000| -1| M176
2083.6116| -1.0000| -1| M175
363.7759| -1.0000| -1| M174
1266.9797| -1.0000| -1| M179
338.8243| -1.0000| -1| M178
799.6340| -1.0000| -1| M20
546.3170| -1.0000| -1| M22
852.9565| -1.0000| -1| M1070
1155.9138| -1.0000| -1| M1071
2131.5276| -1.0000| -1| M1072
1265.1676| -1.0000| -1| M1077
1697.7742| -1.0000| -1| M1079
1681.9426| -1.0000| -1| M183
987.1376| -1.0000| -1| M1073
2139.4719| -1.0000| -1| M182
502.2947| -1.0000| -1| M181
1021.2234| -1.0000| -1| M180
608.4236| -1.0000| -1| M1076
1181.8916| -1.0000| -1| M165
927.6783| -1.0000| -1| M164
1365.9090| -1.0000| -1| M162
554.2612| -1.0000| -1| M167
916.0405| -1.0000| -1| M166
1309.4481| -1.0000| -1| M31
661.8465| -1.0000| -1| M30
552.5419| -1.0000| -1| M35
1093.0579| -1.0000| -1| M37
875.9581| -1.0000| -1| M1080
1481.0579| -1.0000| -1| M1081
1848.3799| -1.0000| -1| M39
1500.7091| -1.0000| -1| M1082
1546.5946| -1.0000| -1| M1083
541.3605| -1.0000| -1| M1088
749.5892| -1.0000| -1| M1089
643.4446| -1.0000| -1| M172
1547.4340| -1.0000| -1| M1084
1920.5002| -1.0000| -1| M170
1968.9153| -1.0000| -1| M1086
589.9216| -1.0000| -1| M1087
885.6691| -1.0000| -1| M198
1046.2328| -1.0000| -1| M196
1625.1402| -1.0000| -1| M195
1453.1357| -1.0000| -1| M40
1429.1833| -1.0000| -1| M41
1093.8142| -1.0000| -1| M43
1535.9192| -1.0000| -1| M46
1291.5221| -1.0000| -1| M49
918.8111| -1.0000| -1| M187
689.1405| -1.0000| -1| M186
807.6773| -1.0000| -1| M189
1807.5652| -1.0000| -1| M188
310.4034| -1.0000| -1| M51
1868.6428| -1.0000| -1| M50
995.3841| -1.0000| -1| M53
1725.1753| -1.0000| -1| M52
671.9948| -1.0000| -1| M55
2114.9335| -1.0000| -1| M54
227.1698| -1.0000| -1| M56
781.9302| -1.0000| -1| M58
2331.1291| -1.0000| -1| M193
1290.0899| -1.0000| -1| M192
713.6360| -1.0000| -1| M191
1202.3271| -1.0000| -1| M60
729.2743| -1.0000| -1| M62
1965.2247| -1.0000| -1| M64
328.2258| -1.0000| -1| M66
351.2975| -1.0000| -1| M68
1036.0676| -1.0000| -1| M67
408.9995| -1.0000| -1| M71
1867.5949| -1.0000| -1| M70
665.9296| -1.0000| -1| M72
1261.9907| -1.0000| -1| M75
273.6833| -1.0000| -1| M76
1660.4415| -1.0000| -1| M78
