Contact	AverageNrofHops
136800.0	NaN
550800.0	NaN
144000.0	NaN
579600.0	NaN
151200.0	NaN
158400.0	NaN
165600.0	NaN
172800.0	NaN
180000.0	NaN
187200.0	NaN
194400.0	NaN
201600.0	NaN
208800.0	NaN
216000.0	NaN
223200.0	NaN
230400.0	NaN
237600.0	NaN
244800.0	NaN
252000.0	NaN
259200.0	NaN
273600.0	NaN
288000.0	NaN
302400.0	NaN
316800.0	NaN
331200.0	NaN
345600.0	NaN
360000.0	NaN
374400.0	NaN
388800.0	NaN
403200.0	NaN
417600.0	NaN
432000.0	NaN
446400.0	NaN
460800.0	NaN
475200.0	NaN
489600.0	NaN
504000.0	NaN
518400.0	NaN
547200.0	NaN
576000.0	NaN
604800.0	NaN
529200.0	NaN
558000.0	NaN
586800.0	NaN
262800.0	NaN
277200.0	NaN
291600.0	NaN
306000.0	NaN
320400.0	NaN
334800.0	NaN
349200.0	NaN
363600.0	NaN
378000.0	NaN
392400.0	NaN
406800.0	NaN
421200.0	NaN
435600.0	NaN
450000.0	NaN
464400.0	NaN
478800.0	NaN
493200.0	NaN
507600.0	NaN
522000.0	NaN
525600.0	NaN
554400.0	NaN
583200.0	NaN
133200.0	NaN
536400.0	NaN
140400.0	NaN
565200.0	NaN
147600.0	NaN
154800.0	NaN
594000.0	NaN
162000.0	NaN
169200.0	NaN
176400.0	NaN
183600.0	NaN
190800.0	NaN
198000.0	NaN
205200.0	NaN
212400.0	NaN
219600.0	NaN
226800.0	NaN
234000.0	NaN
241200.0	NaN
248400.0	NaN
255600.0	NaN
266400.0	NaN
280800.0	NaN
295200.0	NaN
309600.0	NaN
324000.0	NaN
338400.0	NaN
352800.0	NaN
367200.0	NaN
381600.0	NaN
396000.0	NaN
410400.0	NaN
424800.0	NaN
439200.0	NaN
453600.0	NaN
468000.0	NaN
482400.0	NaN
496800.0	NaN
511200.0	NaN
532800.0	NaN
561600.0	NaN
590400.0	NaN
3600.0	NaN
7200.0	NaN
543600.0	NaN
572400.0	NaN
601200.0	NaN
10800.0	NaN
14400.0	NaN
270000.0	NaN
18000.0	NaN
284400.0	NaN
298800.0	NaN
313200.0	NaN
327600.0	NaN
342000.0	NaN
21600.0	NaN
356400.0	NaN
370800.0	NaN
385200.0	NaN
25200.0	NaN
399600.0	NaN
414000.0	NaN
428400.0	NaN
442800.0	NaN
457200.0	NaN
28800.0	NaN
471600.0	NaN
486000.0	NaN
500400.0	NaN
32400.0	NaN
514800.0	NaN
540000.0	NaN
36000.0	NaN
568800.0	NaN
597600.0	NaN
39600.0	NaN
43200.0	NaN
46800.0	NaN
50400.0	NaN
54000.0	NaN
57600.0	NaN
61200.0	NaN
64800.0	NaN
68400.0	NaN
72000.0	NaN
75600.0	NaN
79200.0	NaN
82800.0	NaN
86400.0	NaN
90000.0	NaN
93600.0	NaN
97200.0	NaN
100800.0	NaN
104400.0	NaN
108000.0	NaN
111600.0	NaN
115200.0	NaN
118800.0	NaN
122400.0	NaN
126000.0	NaN
129600.0	NaN

